9-F-19(n,elastic) ENDF/B-VII.1
1.0E-5,48.2539
1.31241E-5,42.1527
1.70876E-5,36.9773
2.2426E-5,32.3191
2.91987E-5,28.3701
3.83206E-5,24.8185
4.98935E-5,21.8107
6.54808E-5,19.1092
8.52562E-5,16.8253
1.11891E-4,14.7786
1.45682E-4,13.0533
1.91195E-4,11.513
2.48937E-4,10.2209
3.26707E-4,9.07451
4.25373E-4,8.12045
5.58264E-4,7.28245
7.97923E-4,6.37707
0.00114047,5.66323
0.00163006,5.11135
0.00232983,4.6944
0.00362657,4.32717
0.00619694,4.04438
0.0126596,3.83863
0.0234661,3.74725
0.0253,3.73939
0.150913,3.65512
16009.0,3.58164
21902.0,3.6431
23359.0,3.75318
24572.0,4.06645
25146.0,4.49328
25556.0,5.17785
25889.0,6.39348
26208.0,9.24219
26400.0,13.3238
26462.5,15.5807
26525.0,18.6793
26575.0,22.0092
26625.0,26.3699
26668.8,31.609
26712.5,38.4055
26756.2,47.3562
26806.2,61.492
26850.0,77.9686
26950.0,123.817
26987.5,133.599
27004.0,135.67
27042.0,131.007
27097.5,109.188
27166.8,78.3105
27217.0,60.1378
27258.5,49.1909
27312.5,38.4258
27350.0,32.9146
27412.5,26.154
27475.0,21.4614
27537.5,18.007
27619.8,14.8212
27696.8,12.6844
27781.2,11.0067
28000.0,8.35092
28316.0,6.49737
28726.0,5.3933
29302.0,4.69784
30000.0,4.31842
30947.0,4.08574
32784.0,3.92489
34000.0,3.89586
38000.0,3.98683
40030.0,4.1508
41902.0,4.4485
43636.0,5.0225
45200.0,6.24906
45800.0,7.18727
46300.0,8.41072
46768.0,10.2285
47075.0,12.0733
47354.0,14.3034
47600.0,17.1075
47857.0,21.1962
48182.8,28.7084
48731.0,45.1177
48900.8,47.3477
48978.2,47.3859
49094.5,46.3198
49327.0,39.9926
49709.0,27.1213
49999.2,19.8075
50281.0,15.0367
50637.5,11.2005
50947.8,9.11897
51200.0,7.90886
51581.5,6.66269
51950.0,5.86313
52485.0,5.07807
53558.0,4.26626
54422.5,3.95392
55803.0,3.6685
58000.0,3.49478
61718.0,3.43507
68282.0,3.56775
74000.0,3.90791
78000.0,4.38661
80500.0,4.8941
82912.5,5.60655
84468.0,6.27683
86250.0,7.29693
88241.5,8.92256
90000.0,10.9846
92250.0,14.8369
96020.0,23.0198
97112.0,24.652
98022.0,25.2762
99352.5,24.7989
100980.0,22.7066
104462.0,16.6391
106500.0,13.785
108400.0,11.7029
110630.0,9.95349
113725.0,8.29389
116250.0,7.36271
120835.0,6.2498
126400.0,5.42743
134240.0,4.7543
144800.0,4.22881
156570.0,3.84667
178650.0,3.46678
201100.0,3.29999
215110.0,3.3762
230000.0,3.68402
253085.0,4.32679
261190.0,4.59271
264310.0,4.94808
266260.0,5.4563
268235.0,6.31999
270940.0,7.80882
272000.0,8.12567
273480.0,8.15603
279230.0,7.03094
280110.0,6.92196
281528.0,7.07157
282000.0,7.62085
282160.0,8.13394
283772.0,6.01426
284000.0,6.03294
305000.0,5.66031
308730.0,5.52759
309130.0,5.31881
309450.0,5.78863
309490.0,5.78917
311970.0,5.65991
378610.0,5.36072
382690.0,5.49347
383680.0,5.7516
384465.0,6.9188
384525.0,7.42532
385015.0,14.2112
385050.0,14.4751
385228.0,13.4591
385338.0,12.4124
385738.0,6.58377
385792.0,6.14574
386020.0,5.59468
386440.0,5.28811
387540.0,5.12996
404000.0,4.76028
412000.0,4.48736
414850.0,4.69345
416000.0,5.09757
416760.0,5.62368
418364.0,7.90019
419300.0,9.61568
420000.0,10.3564
420480.0,10.4391
421610.0,9.71809
423565.0,8.06799
425040.0,7.24796
426900.0,6.54402
429635.0,5.97244
434230.0,5.4148
444000.0,4.806
467795.0,3.70909
475340.0,3.19493
480000.0,2.97601
481580.0,2.69816
484685.0,2.50577
485000.0,2.50325
487000.0,2.61934
488585.0,2.89695
491250.0,3.63754
494060.0,4.40374
496865.0,4.82917
498050.0,4.97894
498800.0,5.91558
499940.0,5.12314
530000.0,4.35192
575000.0,3.56075
589000.0,3.18346
591000.0,3.26597
592250.0,3.47344
593000.0,3.73303
593520.0,4.02643
595470.0,6.06017
596200.0,6.48552
596900.0,6.53127
604230.0,5.19701
609560.0,4.67437
617750.0,4.28862
635350.0,3.9347
680280.0,3.55021
720000.0,3.39514
740000.0,3.48602
753500.0,3.39331
780000.0,3.11234
784560.0,3.10355
791870.0,3.20445
801515.0,3.62849
803030.0,3.66595
812350.0,3.48684
827755.0,3.19727
844380.0,3.06563
849460.0,3.15774
850642.0,3.28413
852570.0,3.58662
856322.0,5.70469
856860.0,5.96595
858905.0,4.63776
860000.0,4.11871
861340.0,3.76231
863540.0,3.46076
866800.0,3.26266
874535.0,3.10382
893590.0,3.00127
897180.0,2.99852
915050.0,3.08188
928380.0,3.26893
930770.0,3.32941
935450.0,3.28788
940000.0,3.28926
980280.0,2.91422
997890.0,2.82039
998154.0,2.6359
1010000.0,1.693
1016210.0,2.17846
1017100.0,2.27468
1036600.0,2.26117
1060000.0,2.1188
1070000.0,2.11327
1084400.0,2.15671
1090000.0,2.19798
1098300.0,2.37972
1104400.0,2.69168
1111600.0,3.22152
1113100.0,3.25652
1116780.0,3.02757
1122200.0,2.40769
1130000.0,1.93166
1132700.0,1.86904
1141550.0,1.79927
1143100.0,1.79839
1152900.0,1.86396
1160000.0,1.98387
1167750.0,2.20858
1180000.0,2.71508
1190600.0,2.87535
1201500.0,3.08402
1203000.0,3.08593
1213100.0,3.03349
1220000.0,3.08684
1230700.0,3.41691
1237500.0,3.60431
1239800.0,3.60847
1248500.0,3.36739
1250000.0,3.34928
1251100.0,3.34945
1256300.0,3.26378
1270000.0,2.63191
1271750.0,2.8098
1273500.0,3.78364
1274300.0,4.38639
1275000.0,4.64831
1276250.0,4.28965
1277800.0,3.43198
1279000.0,3.20346
1280000.0,3.24695
1281650.0,3.01017
1283300.0,2.8781
1284900.0,2.84966
1287450.0,2.92115
1294900.0,3.46796
1298000.0,3.57572
1303020.0,3.41195
1309400.0,3.11495
1321300.0,2.92155
1330000.0,2.97332
1343350.0,2.84118
1370000.0,2.51083
1410000.0,2.22334
1470000.0,2.03901
1472000.0,2.04469
1480000.0,2.04225
1482000.0,2.04249
1484000.0,2.04173
1489500.0,2.04502
1490000.0,2.04467
1492200.0,2.04981
1492700.0,2.04846
1520000.0,2.15317
1560000.0,2.57133
1566000.0,2.48489
1581900.0,2.74451
1600000.0,2.7922
1620000.0,2.67948
1636700.0,2.84077
1641000.0,3.04935
1646800.0,3.51031
1651450.0,3.38444
1658050.0,3.00343
1666800.0,2.72264
1683750.0,2.51192
1760000.0,2.02219
1813500.0,1.78462
1872700.0,1.60172
1888500.0,1.59445
1905800.0,1.65495
1924350.0,1.81143
1946220.0,2.23559
1950700.0,2.32814
1981750.0,2.63874
1985700.0,2.65295
2000000.0,2.50119
2009200.0,2.50835
2037600.0,2.11845
2072900.0,1.84313
2118400.0,1.61647
2160500.0,1.50311
2190000.0,1.36284
2211380.0,1.45308
2224200.0,1.62139
2242400.0,2.23214
2264000.0,1.9123
2278800.0,1.94744
2299250.0,1.74471
2319700.0,1.61776
2331100.0,1.46736
2350710.0,1.57085
2383400.0,1.58949
2423200.0,1.80089
2466500.0,2.13405
2491500.0,2.11507
2528450.0,2.33377
2533600.0,2.34621
2647300.0,1.96022
2687200.0,2.03833
2772500.0,1.65152
2847600.0,1.64376
2992000.0,1.28493
3005950.0,1.3317
3047800.0,1.74442
3063720.0,1.73337
3084200.0,1.30696
3093300.0,1.30096
3125200.0,1.64808
3173000.0,1.25914
3203700.0,1.27789
3234400.0,1.41264
3251500.0,1.42256
3283490.0,1.29331
3336800.0,1.02459
3361800.0,1.04134
3386800.0,1.16122
3414100.0,1.50672
3427800.0,1.55918
3444210.0,1.46154
3465300.0,1.15499
3490180.0,1.1846
3505100.0,1.33028
3524960.0,1.00606
3540400.0,0.938663
3584800.0,1.35965
3615500.0,1.32007
3642800.0,1.45168
3665500.0,1.42558
3704200.0,0.869822
3745410.0,0.954367
3773600.0,1.19074
3835000.0,1.22404
3859340.0,1.10342
3899900.0,1.09515
3917000.0,1.18175
3953400.0,1.17698
3990900.0,0.9876
4018900.0,0.959902
4077150.0,1.19791
4112100.0,1.27979
4143750.0,1.18846
4198250.0,0.963683
4216500.0,0.934912
4253180.0,1.43691
4265400.0,1.50297
4298430.0,1.40119
4340900.0,0.99889
4403100.0,1.21449
4432000.0,1.18256
4500800.0,1.40361
4550400.0,1.36598
4615720.0,1.2404
4662900.0,1.12515
4687400.0,1.19261
4745100.0,0.911923
4798400.0,0.94735
4854000.0,0.933092
4905000.0,1.01207
4942800.0,0.97235
4976100.0,0.779164
5003050.0,0.799644
5045000.0,0.895063
5129400.0,1.00597
5213800.0,0.955299
5304800.0,0.7743
5440300.0,1.00963
5555280.0,0.966587
5593600.0,0.884798
5693500.0,0.864839
5733500.0,0.980225
5811200.0,0.966965
5866700.0,0.852217
5908900.0,0.966634
5968900.0,0.726209
6059700.0,0.672949
6099200.0,0.791327
6160000.0,0.783589
6195700.0,0.785097
6279100.0,0.638117
6300000.0,0.640223
6449250.0,0.630293
6498500.0,0.622673
6555500.0,0.717719
6617000.0,0.689256
6726700.0,0.42493
6810000.0,0.472617
6853900.0,0.572431
6998700.0,0.549529
7112800.0,0.721491
7220000.0,0.736487
7354100.0,0.684476
7427050.0,0.693808
7573500.0,0.747594
7674400.0,0.690845
7753400.0,0.763677
7849900.0,0.664076
8000000.0,0.691357
8143900.0,0.701377
8301900.0,0.754544
8631000.0,0.663532
8701200.0,0.779691
8720000.0,0.781173
8860000.0,0.774924
9000000.0,0.778736
9449500.0,0.762838
9719200.0,0.715318
1.0381E7,0.864946
1.0852E7,0.811392
1.2E7,0.898278
1.35985E7,0.923327
1.58005E7,1.03627
2.0E7,1.12284
