9-F-19(n,&gamma;) ENDF/B-VII.1
1.0E-5,0.481948
1.31102E-5,0.420916
1.72059E-5,0.367419
2.24022E-5,0.321999
2.94009E-5,0.281073
3.828E-5,0.246328
5.02391E-5,0.21502
6.54113E-5,0.18844
8.58466E-5,0.16449
1.11772E-4,0.144156
1.46691E-4,0.125834
1.90992E-4,0.110279
2.5066E-4,0.0962627
3.2636E-4,0.0843629
4.28319E-4,0.0736405
5.57672E-4,0.0645374
7.31895E-4,0.0563347
9.52928E-4,0.049371
0.00125063,0.043096
0.00162833,0.0377687
0.00213703,0.0329684
0.00278242,0.0288929
0.00365168,0.0252206
0.0047545,0.0221028
0.00623985,0.0192933
0.0081243,0.0169082
0.0106624,0.0147592
0.0138825,0.0129349
0.0182195,0.0112914
0.0245109,0.0097351
0.0253,0.00958209
0.033204,0.00836397
0.0432317,0.0073297
0.0567377,0.00639818
0.0738726,0.00560764
0.0969512,0.00489568
0.126231,0.00429042
0.165666,0.0037452
0.215698,0.00328223
0.283085,0.00286522
0.368577,0.00251103
0.483724,0.00219173
0.629809,0.00192104
0.826569,0.00167673
1.07619,0.00146943
1.41241,0.001283
1.83896,0.00112432
2.41347,9.81415E-4
3.14234,8.60164E-4
4.12404,7.50972E-4
5.36951,6.58259E-4
7.04211,5.74743E-4
9.16884,5.03765E-4
12.4166,4.33036E-4
15.997,3.81656E-4
21.1426,3.32105E-4
28.6221,2.85721E-4
38.9809,2.45354E-4
52.5717,2.11536E-4
72.0306,1.80908E-4
97.0781,1.56053E-4
128.786,1.35896E-4
169.414,1.19223E-4
232.046,1.0321E-4
311.906,9.01255E-5
434.423,7.74893E-5
604.376,6.65514E-5
851.057,5.69249E-5
1110.08,5.06977E-5
1525.73,4.51285E-5
2000.0,4.10195E-5
3000.0,3.6838E-5
4000.0,3.51695E-5
5000.0,3.47762E-5
7000.0,3.63181E-5
9000.0,4.03531E-5
11000.0,4.72242E-5
16009.0,8.97177E-5
19000.0,1.67872E-4
21000.0,3.0442E-4
21902.0,4.2865E-4
23000.0,7.14436E-4
23359.0,8.718E-4
24572.0,0.00203585
25000.0,0.00303896
25146.0,0.00355528
25556.0,0.0059333
25889.0,0.0100785
26208.0,0.0196351
26400.0,0.0331653
26462.5,0.040602
26512.5,0.0484344
26568.8,0.0601365
26618.8,0.0739116
26656.2,0.0874115
26706.2,0.11129
26756.2,0.144068
26806.2,0.189716
26850.0,0.242713
26950.0,0.388774
26987.5,0.418987
27004.0,0.425047
27042.0,0.408656
27097.5,0.337118
27166.8,0.237063
27208.6,0.186938
27253.3,0.147258
27306.2,0.112467
27350.0,0.091551
27412.5,0.0700698
27462.5,0.0577449
27512.5,0.0481702
27575.0,0.0392909
27649.4,0.0314085
27714.5,0.0263614
27796.5,0.0215383
27998.0,0.0141312
28316.0,0.00838726
28726.0,0.00503614
29302.0,0.00295545
29863.0,0.0019927
30059.2,0.00178983
30947.0,0.00114671
32000.0,7.86077E-4
32784.0,6.34874E-4
34000.0,4.95146E-4
35211.0,4.17668E-4
36000.0,3.86998E-4
37767.0,3.5621E-4
38000.0,3.55048E-4
40030.0,3.78811E-4
41902.0,4.69502E-4
43325.1,6.87891E-4
43420.0,7.14034E-4
43465.0,8.29316E-4
43477.5,8.86902E-4
43482.5,9.51772E-4
43486.2,0.00104709
43490.0,0.00121076
43493.1,0.00142114
43496.2,0.00171663
43500.0,0.0022007
43504.4,0.00295277
43510.0,0.00418831
43519.4,0.00668989
43562.5,0.019176
43572.5,0.0211624
43577.5,0.0214749
43583.5,0.0210236
43592.2,0.0188631
43607.1,0.013129
43622.9,0.0067923
43629.4,0.00455724
43633.8,0.00335696
43637.4,0.00258582
43640.9,0.00202137
43643.6,0.00169028
43646.4,0.00145125
43649.9,0.00125565
43654.0,0.00112739
43658.2,0.0010686
43666.5,0.00103659
43674.9,0.00103365
45057.0,0.00111105
45500.0,0.00135671
45800.0,0.0015818
46200.0,0.0019964
46437.5,0.00232754
46768.0,0.00294041
47037.5,0.00365866
47354.0,0.00483352
47600.0,0.00616625
47857.0,0.00814248
48158.9,0.0115327
48731.0,0.0204738
48862.0,0.0217934
49017.0,0.0221579
49172.0,0.02113
49434.5,0.0173082
49740.2,0.0124737
49999.2,0.00923554
50281.0,0.00679242
50637.5,0.00478338
50947.8,0.00366824
51200.0,0.0030091
51540.8,0.00237729
51875.0,0.00194095
52196.2,0.0016294
52485.0,0.00140504
53558.0,9.09569E-4
54105.6,7.66824E-4
54845.0,6.25032E-4
55803.0,5.07905E-4
57873.0,3.73015E-4
60000.0,3.10513E-4
62000.0,2.83382E-4
64465.0,2.7303E-4
64930.0,2.72753E-4
68282.0,2.87392E-4
71296.0,3.21244E-4
74423.0,3.81082E-4
75981.5,4.28774E-4
76000.0,4.45237E-4
76023.1,5.01375E-4
77941.2,0.00656239
77960.4,0.00645159
77972.0,0.00608892
78000.6,0.0044231
78011.3,0.00405711
78029.2,0.00385962
79788.7,6.03183E-4
79820.2,5.76766E-4
79837.3,5.75914E-4
82550.0,7.3906E-4
84234.0,8.89972E-4
86000.0,0.00109327
88241.5,0.00146773
89741.5,0.00181093
92250.0,0.0025959
95515.0,0.00378958
96020.0,0.00396337
97112.0,0.00416676
98000.0,0.00419061
99347.0,0.00397082
101235.0,0.0033564
104000.0,0.00235188
106000.0,0.00178926
108400.0,0.00131157
110630.0,0.00100872
112362.0,8.40052E-4
114000.0,7.12726E-4
116250.0,5.82474E-4
119880.0,4.41138E-4
122640.0,3.64241E-4
126400.0,2.92135E-4
130050.0,2.43229E-4
134960.0,1.98521E-4
141100.0,1.60109E-4
150000.0,1.26455E-4
156570.0,1.10517E-4
165190.0,9.68242E-5
172871.0,1.52933E-4
172895.0,1.61122E-4
172919.0,1.83138E-4
172999.0,2.97982E-4
173352.0,8.20693E-4
173376.0,8.88688E-4
173388.0,9.6492E-4
173400.0,0.00109358
173416.0,0.00135036
173441.0,0.00190872
173481.0,0.00285268
173500.0,0.00314801
173523.0,0.00328947
173528.0,0.00329418
173688.0,0.00294806
173744.0,0.00263857
174070.0,4.23212E-4
174088.0,3.17625E-4
174100.0,2.69264E-4
174109.0,2.4374E-4
174122.0,2.21621E-4
174136.0,2.12671E-4
174207.0,2.08421E-4
183200.0,8.21227E-5
195050.0,7.87815E-5
197510.0,7.85651E-5
211590.0,8.1233E-5
220000.0,8.61495E-5
230000.0,9.73559E-5
235970.0,1.09129E-4
240888.0,1.24755E-4
245300.0,1.45546E-4
250350.0,1.8714E-4
252760.0,2.18895E-4
254920.0,2.59643E-4
256500.0,3.00603E-4
258500.0,3.67795E-4
260000.0,4.40467E-4
261595.0,5.4839E-4
262850.0,6.61673E-4
264310.0,8.4315E-4
266065.0,0.00115575
267430.0,0.00148968
268000.0,0.0018025
268441.0,0.0022348
268572.0,0.00212233
269560.0,0.00197193
270600.0,0.00207515
270940.0,0.00208993
272000.0,0.00201215
274000.0,0.00159218
276300.0,0.00108855
278175.0,8.01995E-4
280000.0,6.20937E-4
281580.0,5.75859E-4
281979.0,7.30675E-4
282033.0,7.9799E-4
282142.0,9.89531E-4
282189.0,0.00101727
283712.0,4.4065E-4
284000.0,4.13706E-4
286000.0,3.31905E-4
288000.0,2.85251E-4
290680.0,2.43809E-4
293845.0,2.12955E-4
297110.0,1.9403E-4
300000.0,1.81452E-4
303810.0,1.77027E-4
305000.0,1.80668E-4
307550.0,2.54898E-4
307590.0,2.63143E-4
307643.0,2.93108E-4
308677.0,0.00102499
308703.0,0.00108824
308721.0,0.0011892
308739.0,0.00136909
308764.0,0.00173487
308918.0,0.0045922
309092.0,0.00794662
309130.0,0.00905802
309171.0,0.0110081
309228.0,0.0140412
309252.0,0.0147152
309260.0,0.0147446
309288.0,0.0140363
309340.0,0.0109942
309401.0,0.00720519
309430.0,0.00580504
309465.0,0.00454432
309499.0,0.00359471
309532.0,0.00294584
309574.0,0.00237927
309631.0,0.00182011
309674.0,0.00151687
309730.0,0.00123535
309775.0,0.00109033
309978.0,6.55778E-4
310032.0,5.76766E-4
310126.0,4.94091E-4
310252.0,4.50731E-4
311010.0,2.45281E-4
311970.0,1.9535E-4
315000.0,1.68625E-4
317230.0,1.65979E-4
325000.0,1.72005E-4
335000.0,1.93945E-4
345000.0,2.30626E-4
354390.0,2.82798E-4
363160.0,3.53454E-4
370960.0,4.40729E-4
376210.0,5.18249E-4
379705.0,5.93545E-4
381570.0,6.74121E-4
382690.0,7.97205E-4
383000.0,8.65247E-4
383680.0,0.00117167
383731.0,0.00122886
383882.0,0.0015879
384439.0,0.00300729
384465.0,0.00315695
384490.0,0.00345897
384521.0,0.00408935
384630.0,0.0072106
385015.0,0.0184044
385072.0,0.0192656
385094.0,0.0192985
385272.0,0.0186256
385338.0,0.0175229
385727.0,0.0051496
385760.0,0.00434021
385785.0,0.00394544
385835.0,0.00350504
385960.0,0.00269043
386026.0,0.0024024
386201.0,0.00189419
386342.0,0.00163387
386570.0,0.00135689
387110.0,0.00104014
387540.0,9.25865E-4
388355.0,8.26345E-4
389010.0,7.91934E-4
391350.0,7.59695E-4
392000.0,7.58201E-4
398960.0,7.71163E-4
406000.0,7.4353E-4
412000.0,7.11107E-4
414850.0,7.34119E-4
416380.0,7.91785E-4
418765.0,9.60105E-4
419300.0,9.87281E-4
420185.0,9.48185E-4
422390.0,7.22253E-4
423565.0,6.42765E-4
425040.0,5.7841E-4
426900.0,5.23698E-4
430680.0,4.58403E-4
436000.0,3.99308E-4
444000.0,3.39715E-4
452000.0,3.02586E-4
458000.0,2.8928E-4
461060.0,2.86697E-4
465590.0,2.93318E-4
470000.0,3.1574E-4
475340.0,3.8242E-4
480000.0,5.7034E-4
481580.0,5.83086E-4
485345.0,7.9579E-4
487995.0,9.43475E-4
489460.0,9.7892E-4
489920.0,9.82944E-4
491470.0,9.49265E-4
493375.0,8.51095E-4
496998.0,6.22167E-4
497780.0,5.89969E-4
497960.0,5.87136E-4
498050.0,5.92075E-4
498706.0,8.60482E-4
498800.0,8.88424E-4
499100.0,7.94259E-4
500000.0,4.82124E-4
501080.0,4.25661E-4
505000.0,3.12854E-4
508162.0,2.58155E-4
511270.0,2.2072E-4
514970.0,1.91065E-4
519200.0,1.66535E-4
523950.0,1.48206E-4
530000.0,1.32961E-4
541970.0,1.18448E-4
550000.0,1.17604E-4
556470.0,1.22977E-4
560000.0,1.29166E-4
564080.0,1.4054E-4
570000.0,1.7026E-4
575000.0,2.18865E-4
579790.0,3.1066E-4
583198.0,4.38355E-4
585000.0,5.44652E-4
587320.0,7.58658E-4
588655.0,9.44661E-4
589231.0,0.00105004
591025.0,0.00144862
592625.0,0.00196525
594930.0,0.00278138
595470.0,0.00284706
596185.0,0.00280209
597395.0,0.00253198
600780.0,0.0014832
602228.0,0.00114161
603400.0,9.28269E-4
604615.0,7.5907E-4
605810.0,6.369E-4
606620.0,5.6175E-4
609340.0,3.97887E-4
610405.0,3.56186E-4
613240.0,2.68051E-4
617750.0,1.91137E-4
620000.0,1.71716E-4
620280.0,1.70907E-4
621270.0,1.76162E-4
623940.0,2.48279E-4
626436.0,1.27994E-4
626792.0,1.244E-4
635350.0,8.85586E-5
641110.0,7.71358E-5
648450.0,6.79522E-5
661270.0,5.96473E-5
667690.0,5.78506E-5
677770.0,5.77345E-5
685240.0,5.98807E-5
696490.0,6.79965E-5
703970.0,7.84531E-5
711080.0,9.47655E-5
716080.0,1.1357E-4
720669.0,1.33225E-4
726535.0,1.69469E-4
735560.0,2.34452E-4
740000.0,2.53089E-4
744215.0,2.49814E-4
749600.0,2.21975E-4
759090.0,1.56585E-4
766760.0,1.20769E-4
771620.0,1.08215E-4
774320.0,1.0372E-4
780000.0,1.02588E-4
785090.0,1.12674E-4
790468.0,1.40848E-4
797570.0,1.96443E-4
800000.0,2.01312E-4
803465.0,1.82066E-4
810000.0,1.21626E-4
812350.0,1.05215E-4
820000.0,7.4215E-5
825510.0,6.52293E-5
830000.0,6.33231E-5
833850.0,6.5705E-5
840000.0,8.23428E-5
841600.0,9.16687E-5
844380.0,1.18654E-4
847300.0,1.77989E-4
848920.0,2.42817E-4
850000.0,3.139E-4
852570.0,7.04627E-4
854710.0,0.00169029
855785.0,0.00196134
856860.0,0.00219228
858420.0,0.00124675
859390.0,8.33666E-4
860092.0,6.37308E-4
860491.0,5.56637E-4
861340.0,4.22015E-4
863100.0,2.6491E-4
863820.0,2.2742E-4
864660.0,1.91568E-4
866800.0,1.35452E-4
870000.0,9.30202E-5
870900.0,8.56007E-5
878170.0,5.47686E-5
880000.0,5.10702E-5
890000.0,4.12754E-5
897180.0,3.96848E-5
902025.0,4.05346E-5
910100.0,4.34076E-5
920000.0,5.26961E-5
923785.0,6.01017E-5
926760.0,7.16652E-5
930000.0,1.08506E-4
930770.0,1.13124E-4
935385.0,6.78234E-5
940000.0,6.10889E-5
949880.0,5.33675E-5
964505.0,3.89915E-5
971795.0,3.34727E-5
980280.0,2.85392E-5
992025.0,2.40362E-5
1000000.0,2.18505E-5
1010000.0,4.53381E-5
1017100.0,4.10281E-5
1030000.0,3.82767E-5
1040000.0,4.09685E-5
1050000.0,4.82512E-5
1060000.0,6.02047E-5
1075600.0,8.60868E-5
1093250.0,1.16402E-4
1104400.0,1.30225E-4
1118000.0,1.37321E-4
1120000.0,1.37516E-4
1141350.0,1.31413E-4
1160000.0,1.25669E-4
1170000.0,1.2708E-4
1180000.0,1.33094E-4
1191200.0,1.4618E-4
1203000.0,1.67827E-4
1220000.0,2.12148E-4
1249050.0,2.98053E-4
1262900.0,3.23708E-4
1273500.0,3.30596E-4
1287600.0,3.19249E-4
1302500.0,2.85469E-4
1346700.0,1.44863E-4
1362150.0,1.06682E-4
1372300.0,8.72923E-5
1380000.0,7.52294E-5
1392900.0,6.07369E-5
1402380.0,5.37767E-5
1412000.0,4.86794E-5
1425000.0,4.51633E-5
1439000.0,4.36808E-5
1442000.0,4.36091E-5
1462000.0,4.49836E-5
1490000.0,5.01712E-5
1530100.0,6.22073E-5
1573000.0,7.56362E-5
1603900.0,8.07144E-5
1631350.0,7.91394E-5
1663400.0,7.08984E-5
1728050.0,4.76643E-5
1754100.0,4.09633E-5
1783300.0,3.71458E-5
1800000.0,3.67535E-5
1827400.0,3.92092E-5
1859280.0,4.68093E-5
1893140.0,5.89403E-5
1941750.0,7.74544E-5
1981750.0,8.69722E-5
2000000.0,8.84804E-5
2.0E7,8.8486E-6
