82-Pb-207(n,elastic) ENDF/B-VII.1
1.0E-5,44.2152
1.31241E-5,38.8997
1.70876E-5,34.4273
2.2426E-5,30.4443
2.91987E-5,27.1135
3.83206E-5,24.17
4.98935E-5,21.7326
7.15281E-5,18.99
1.02543E-4,16.8294
1.46564E-4,15.1726
2.09482E-4,13.9192
3.28683E-4,12.7978
5.61641E-4,11.9524
0.00114736,11.3375
0.00335015,10.9495
0.0235315,10.7762
0.0253,10.7742
3003.2,10.6362
3057.02,10.7511
3059.1,10.9477
3060.04,11.4297
3060.37,11.9732
3060.69,13.0854
3060.94,14.5644
3061.18,16.8559
3061.44,20.4286
3061.76,26.4945
3062.45,42.5203
3062.75,47.161
3063.0,48.4611
3063.27,46.939
3063.57,41.972
3064.34,24.429
3064.63,19.301
3064.86,16.3565
3065.13,14.0756
3065.46,12.4437
3065.73,11.7566
3066.38,11.1044
3068.26,10.783
3119.45,10.6315
10068.9,10.3542
10169.3,10.4601
10176.8,10.7918
10178.9,11.3317
10179.8,12.0319
10180.4,13.0906
10180.9,14.7393
10181.3,16.9339
10181.8,20.681
10182.3,25.6837
10182.9,34.4194
10184.0,52.1098
10184.6,58.0796
10185.0,59.6431
10185.5,57.6836
10186.0,52.3016
10187.5,28.6627
10188.0,22.3889
10188.4,18.5295
10188.9,15.8014
10189.4,13.6984
10189.9,12.4492
10190.8,11.4639
10192.2,10.9273
10195.6,10.5787
10221.2,10.3613
12181.0,10.2642
12336.2,10.4093
12346.3,10.8079
12349.1,11.3455
12350.7,12.2103
12351.7,13.4845
12352.5,15.3523
12353.2,18.0522
12353.9,22.2364
12354.9,30.4125
12355.9,38.9164
12356.6,42.3233
12357.0,42.9582
12357.6,41.5496
12358.3,37.3387
12360.0,22.7016
12360.6,18.8227
12361.2,16.0167
12361.8,14.1323
12362.5,12.8635
12363.1,12.0905
12364.4,11.3038
12367.4,10.6896
12374.6,10.3745
12601.7,10.2368
15571.8,10.1227
16368.8,10.3278
16526.3,10.81
16594.9,11.5662
16632.0,12.5613
16654.2,13.7092
16672.7,15.3839
16687.6,17.6971
16698.7,20.5466
16708.0,24.274
16715.4,28.7903
16721.9,34.5888
16727.4,41.6997
16732.5,50.7867
16737.4,62.6042
16743.2,81.4838
16751.3,112.858
16755.0,122.95
16758.1,125.873
16761.3,122.634
16766.0,108.937
16775.5,72.5955
16780.7,57.4359
16785.6,46.8824
16791.2,38.038
16796.9,31.8114
16802.5,27.4216
16809.9,23.2921
16819.2,19.8592
16830.3,17.2152
16845.6,15.0019
16865.5,13.3613
16891.4,12.1999
16935.9,11.2429
17023.0,10.5604
17277.0,10.1343
28904.8,9.02642
29216.1,9.20008
29286.5,9.63134
29315.6,10.2561
29330.2,10.9544
29342.7,12.12
29350.4,13.4176
29356.4,15.0929
29361.5,17.3142
29365.5,20.0589
29369.1,23.6821
29372.1,28.2955
29374.9,34.6236
29377.4,42.4023
29379.7,52.9364
29382.5,69.5043
29387.1,100.055
29388.7,106.769
29390.1,108.752
29392.3,104.13
29395.0,88.4312
29399.1,60.6301
29401.7,46.9517
29404.2,37.6267
29406.6,31.0129
29409.5,25.6633
29413.0,21.2856
29417.1,18.0462
29422.1,15.4869
29427.6,13.7517
29434.5,12.3852
29446.6,11.0559
29461.2,10.2589
29490.3,9.57313
29559.8,9.1153
29948.0,8.84236
33960.8,7.86579
36196.0,6.83568
37288.2,6.18815
37460.9,6.34915
37537.1,6.76458
37575.2,7.28883
37605.1,8.11192
37622.2,8.94074
37639.4,10.2937
37650.8,11.7185
37662.2,13.8853
37672.2,16.8086
37680.3,20.3214
37687.9,25.0533
37694.6,30.7219
37703.5,40.6883
37713.4,52.1133
37717.8,54.9784
37720.5,55.4939
37726.1,53.301
37732.8,46.3602
37744.4,32.4863
37752.1,25.4494
37759.4,20.6642
37767.0,17.1033
37775.9,14.2275
37784.1,12.366
37795.6,10.5932
37809.9,9.16496
37829.9,7.95834
37847.0,7.31836
37885.1,6.50771
37945.0,5.91973
38064.0,5.42841
38476.9,4.69636
39547.3,3.08321
39792.0,2.8686
39853.2,2.85372
40006.1,2.93749
40128.4,3.18305
40220.2,3.51846
40311.9,4.06619
40403.7,4.85439
40480.1,5.80668
40541.3,6.7852
40602.5,8.01034
40685.0,10.1126
40770.7,13.0106
40868.5,17.3555
40978.6,23.6249
41264.9,42.6836
41394.6,48.2607
41529.1,50.1023
41712.6,47.7834
42238.7,35.0299
42575.1,29.3732
42972.7,24.9879
43492.6,21.4321
44196.0,18.5907
45174.7,16.3635
46642.7,14.5795
48967.0,13.1728
53187.5,12.0184
61445.0,11.0931
68020.4,10.718
68310.1,10.885
68333.8,11.3423
68340.6,11.9152
68345.0,12.9243
68347.9,14.4681
68350.0,16.6575
68351.8,19.5069
68354.3,25.1378
68357.2,32.3125
68359.0,35.0206
68360.1,35.5448
68361.7,34.4481
68364.0,29.9196
68367.6,21.0235
68369.3,17.6515
68371.1,15.315
68372.5,14.0639
68374.5,12.9504
68376.5,12.2938
68380.8,11.5914
68390.8,11.052
68434.1,10.7345
72123.3,10.554
72812.6,10.7373
72908.8,11.1725
72948.9,11.953
72968.9,13.0534
72980.9,14.463
72988.9,16.1438
72995.0,18.143
73001.2,21.2997
73006.8,25.4334
73016.8,34.13
73021.6,35.8222
73024.8,35.1075
73029.3,31.9881
73039.6,22.6576
73045.4,18.9237
73051.5,16.4051
73059.5,14.3687
73071.5,12.7645
73083.5,11.9495
73114.0,11.0981
73181.3,10.6457
73806.5,10.4506
80726.3,10.2553
81767.5,10.4458
81914.1,10.8693
81967.2,11.3936
82002.5,12.1725
82028.3,13.2634
82056.6,15.3921
82083.9,17.7876
82094.0,18.0709
82108.2,17.4935
82145.6,13.9805
82170.6,12.4792
82197.1,11.6125
82250.2,10.854
82374.1,10.3982
82591.4,10.2847
82829.0,10.5208
82881.9,10.9226
82912.9,11.6732
82930.3,12.7705
82940.0,14.006
82948.1,15.8441
82954.5,18.3914
82959.4,21.4451
82964.2,26.0371
82969.5,33.2087
82975.1,41.4964
82978.7,44.942
82980.8,45.4822
82984.6,43.4242
82989.2,37.254
82996.0,27.2542
83000.2,22.6653
83005.0,19.0253
83010.6,16.333
83017.1,14.4605
83025.2,13.0805
83038.1,11.9146
83057.4,11.1241
83093.5,10.5832
83212.2,10.2372
86664.5,10.0981
87655.3,10.2123
87696.3,10.4421
87713.6,10.9925
87720.4,11.7679
87723.5,12.57
87726.4,13.9776
87728.8,15.9383
87731.1,18.9363
87736.7,28.7073
87738.9,31.2182
87740.2,31.6233
87742.4,30.3952
87745.0,26.4032
87748.9,19.2247
87751.3,16.0459
87753.2,14.2929
87756.0,12.6745
87759.8,11.6047
87765.6,10.9119
87774.6,10.5131
87808.4,10.2016
87918.8,10.1323
89162.0,10.4649
89544.5,11.0842
89729.0,11.981
89831.5,13.0563
89913.4,14.6605
89974.9,16.755
90026.1,19.537
90074.6,23.3936
90137.5,29.4053
90175.2,31.3858
90181.2,31.4348
90205.8,30.777
90252.2,26.7785
90309.6,21.0688
90360.9,17.4356
90412.1,15.1044
90473.6,13.392
90555.5,12.1028
90678.5,11.1397
90910.8,10.4296
91539.2,9.98817
96789.8,9.72812
97830.6,9.92563
98050.8,10.3632
98150.8,11.0295
98210.9,11.994
98250.9,13.3062
98280.9,15.1194
98300.9,17.1151
98319.9,20.0499
98338.0,24.3151
98356.5,30.7221
98381.0,40.4163
98393.3,42.6111
98395.0,42.6331
98404.0,41.5534
98420.4,35.8335
98444.2,26.3216
98457.3,22.427
98471.1,19.4219
98491.1,16.4752
98516.1,14.2461
98546.1,12.7045
98586.1,11.5761
98648.7,10.7145
98771.3,10.0691
99106.5,9.65403
100881.0,9.02757
101286.0,8.4634
101469.0,7.77897
101572.0,6.96191
101636.0,6.01883
101678.0,5.03863
101710.0,3.95574
101736.0,2.96907
101744.0,2.73081
101752.0,2.63912
101757.0,2.70921
101762.0,2.92392
101767.0,3.34098
101771.0,3.92632
101776.0,4.79826
101781.0,6.13297
101786.0,8.0981
101795.0,11.8291
101806.0,17.2556
101812.0,19.2447
101819.0,20.9465
101828.0,21.6817
101840.0,21.2247
101886.0,17.2635
101914.0,15.6961
101951.0,14.3481
102009.0,13.0987
102109.0,12.0394
102292.0,11.2079
102701.0,10.6346
102880.0,10.5837
103199.0,10.8881
103334.0,11.5478
103410.0,12.4632
103468.0,13.7032
103557.0,16.1975
103580.0,16.3861
103616.0,15.9026
103711.0,13.0453
103787.0,11.6659
103902.0,10.7793
104152.0,10.2169
105257.0,9.88517
108682.0,9.7696
111576.0,10.0038
111831.0,10.3385
111896.0,10.7312
111945.0,11.6096
111968.0,12.6723
111985.0,14.2994
111997.0,16.2882
112005.0,18.4642
112014.0,22.0937
112023.0,27.3354
112034.0,34.9576
112040.0,37.605
112042.0,37.7213
112048.0,36.1019
112059.0,29.2768
112068.0,23.2243
112076.0,19.2218
112084.0,16.9288
112092.0,15.0739
112104.0,13.5243
112121.0,12.2313
112145.0,11.3706
112179.0,10.7864
112274.0,10.3192
112486.0,10.198
113381.0,10.7297
113922.0,11.7023
114252.0,13.0118
114487.0,14.7522
114676.0,17.0655
114869.0,20.6738
115090.0,25.4387
115208.0,26.5073
115325.0,25.5275
115688.0,17.5085
115853.0,15.0077
116065.0,13.0085
116347.0,11.5644
116771.0,10.5444
117524.0,9.861
119502.0,9.43392
123174.0,9.30242
125764.0,9.5286
126536.0,10.0485
126939.0,10.9072
127166.0,12.0316
127317.0,13.4941
127405.0,14.9737
127472.0,16.7787
127527.0,19.3369
127565.0,22.4524
127592.0,25.9252
127617.0,30.8914
127661.0,42.4547
127675.0,44.195
127679.0,44.2781
127694.0,42.9357
127740.0,33.1356
127772.0,29.2102
127803.0,27.3758
127865.0,26.2678
127990.0,24.9856
128143.0,20.792
128282.0,16.9993
128421.0,14.409
128559.0,12.7764
128768.0,11.3547
129080.0,10.2894
129705.0,9.35652
129949.0,9.16073
130039.0,9.34463
130084.0,9.8319
130113.0,10.6117
130134.0,11.817
130149.0,13.147
130165.0,15.5236
130201.0,22.6678
130213.0,23.7854
130215.0,23.8277
130228.0,23.1278
130272.0,17.1051
130297.0,14.9057
130331.0,13.1245
130376.0,11.8768
130446.0,10.9455
130572.0,10.2526
130913.0,9.66188
131932.0,9.11684
132033.0,9.29826
132065.0,9.652
132089.0,10.3473
132104.0,11.348
132118.0,12.9372
132129.0,15.1245
132143.0,19.1112
132155.0,22.6228
132163.0,23.5728
132171.0,22.9419
132199.0,16.8892
132216.0,14.5363
132231.0,13.1356
132255.0,11.9231
132287.0,11.0771
132344.0,10.3777
132490.0,9.79808
133017.0,9.41115
134351.0,9.25425
134977.0,9.45787
135095.0,9.85301
135142.0,10.2932
135187.0,11.1926
135237.0,13.1562
135264.0,13.9345
135267.0,13.9459
135291.0,13.4127
135337.0,11.383
135361.0,10.7007
135408.0,9.96011
135502.0,9.45239
135853.0,9.18176
136041.0,9.16692
136363.0,9.34052
136422.0,9.78174
136446.0,10.5257
136456.0,11.4062
136464.0,12.7682
136469.0,14.43
136474.0,16.8868
136480.0,21.0307
136486.0,26.3344
136489.0,28.1943
136491.0,28.4014
136495.0,27.1404
136501.0,22.2943
136507.0,17.158
136511.0,14.777
136515.0,13.16
136520.0,11.8127
136528.0,10.7269
136539.0,10.0365
136556.0,9.56691
136613.0,9.1892
137594.0,9.06726
138952.0,9.25714
139246.0,9.70351
139376.0,10.3695
139459.0,11.4124
139506.0,12.5306
139543.0,14.0617
139575.0,16.1003
139604.0,18.9725
139633.0,23.2254
139678.0,30.9348
139696.0,32.3154
139700.0,32.3638
139713.0,31.7457
139738.0,28.3647
139778.0,21.4862
139807.0,17.8354
139839.0,15.2447
139870.0,13.5689
139908.0,12.2807
139958.0,11.2441
140034.0,10.4017
140185.0,9.68454
140528.0,9.22268
142331.0,8.9475
144280.0,8.8868
145030.0,9.05564
145172.0,9.42572
145244.0,10.0313
145291.0,11.0249
145326.0,12.559
145347.0,14.2216
145369.0,16.7922
145398.0,20.9394
145414.0,22.134
145417.0,22.174
145433.0,21.3793
145477.0,15.7534
145499.0,13.7146
145529.0,12.076
145553.0,11.2675
145600.0,10.3476
145672.0,9.7186
145838.0,9.22531
146510.0,8.91919
147976.0,8.80776
148134.0,8.93251
148166.0,9.24403
148182.0,9.79756
148192.0,10.6329
148198.0,11.7346
148205.0,13.6425
148216.0,18.6471
148221.0,19.7006
148222.0,19.7209
148226.0,19.1065
148241.0,13.6259
148247.0,12.0431
148253.0,11.0873
148266.0,10.1187
148289.0,9.47294
148343.0,9.07798
148682.0,8.84484
149056.0,8.78712
149109.0,8.96105
149119.0,9.42207
149125.0,10.2325
149129.0,11.458
149138.0,15.5239
149141.0,16.1187
149145.0,15.4606
149153.0,11.8859
149157.0,10.7667
149163.0,9.96564
149175.0,9.33825
149207.0,9.00679
149603.0,8.82169
153417.0,8.71038
153706.0,8.82839
153734.0,9.12142
153744.0,9.60561
153750.0,10.3864
153754.0,11.4774
153758.0,13.3995
153763.0,17.2887
153767.0,20.0156
153770.0,21.0609
153771.0,21.0884
153773.0,20.4572
153777.0,17.9129
153783.0,13.6868
153786.0,11.9302
153790.0,10.6401
153794.0,9.94429
153802.0,9.31175
153820.0,8.93592
153912.0,8.72409
154653.0,8.68537
155367.0,8.84286
155503.0,9.1831
155571.0,9.73901
155617.0,10.6502
155650.0,12.0911
155672.0,13.7421
155693.0,16.1773
155720.0,19.9368
155734.0,20.9811
155738.0,21.017
155752.0,20.3389
155799.0,14.5786
155826.0,12.5051
155855.0,11.2571
155889.0,10.4092
155957.0,9.61216
156093.0,9.08569
156552.0,8.77259
156609.0,8.76779
156690.0,8.91906
156700.0,9.23483
156705.0,9.90852
156709.0,10.9662
156717.0,14.9802
156720.0,15.6002
156723.0,15.0453
156732.0,10.9423
156736.0,9.78463
156739.0,9.29512
156746.0,8.94753
156798.0,8.73973
158157.0,8.65465
158700.0,8.78556
158796.0,9.12588
158837.0,9.71695
158859.0,10.5081
158874.0,11.7805
158885.0,13.3332
158893.0,15.5241
158902.0,18.7504
158915.0,25.1516
158921.0,26.7945
158923.0,26.8763
158929.0,25.8173
158940.0,20.8984
158949.0,16.7409
158956.0,14.5579
158963.0,12.9428
158974.0,11.549
158990.0,10.4235
159011.0,9.6998
159060.0,9.08439
159183.0,8.75031
161067.0,8.57174
166689.0,8.45835
167909.0,8.62443
168143.0,9.00492
168262.0,9.68914
168333.0,10.7356
168381.0,12.15
168414.0,13.7914
168460.0,17.1627
168492.0,19.4532
168513.0,20.0563
168540.0,19.2447
168608.0,14.3901
168643.0,12.6619
168691.0,11.192
168762.0,10.0591
168857.0,9.37623
169062.0,8.85297
169710.0,8.55928
169885.0,8.5506
170548.0,8.76902
170753.0,9.22303
170856.0,9.87243
170920.0,10.741
170972.0,12.0715
171010.0,13.8501
171040.0,16.069
171070.0,19.3088
171115.0,25.5984
171137.0,27.375
171142.0,27.4681
171163.0,26.4771
171202.0,21.2294
171232.0,17.4723
171263.0,14.7661
171295.0,12.9353
171340.0,11.3925
171404.0,10.2279
171507.0,9.38605
171712.0,8.80528
172295.0,8.46595
177876.0,8.19515
178607.0,8.34908
178758.0,8.6658
178834.0,9.16115
178884.0,9.95011
178921.0,11.1742
178945.0,12.566
178968.0,14.6288
179005.0,18.4696
179020.0,19.0475
179033.0,18.6448
179086.0,13.6883
179111.0,12.151
179144.0,11.1399
179164.0,10.9529
179190.0,11.2128
179233.0,12.5493
179235.0,12.5519
179253.0,12.0041
179290.0,10.0275
179309.0,9.45069
179353.0,8.83373
179467.0,8.38292
179977.0,8.07083
180621.0,7.93929
180814.0,8.08221
180882.0,8.51068
180911.0,9.1183
180928.0,9.95379
180942.0,11.1518
180952.0,12.6159
180976.0,17.5677
180985.0,18.3523
180993.0,17.8194
181018.0,13.6438
181032.0,12.2433
181049.0,11.4028
181064.0,11.2067
181085.0,11.5256
181105.0,12.4861
181123.0,14.1082
181136.0,16.0073
181155.0,19.9786
181172.0,23.6812
181184.0,25.2669
181188.0,25.3324
181197.0,24.6347
181215.0,20.8241
181235.0,16.4506
181251.0,13.8976
181269.0,11.8986
181292.0,10.3121
181316.0,9.30939
181363.0,8.08939
181408.0,7.38179
181425.0,7.29054
181441.0,7.48658
181452.0,7.9678
181463.0,8.97126
181475.0,10.969
181485.0,12.3481
181490.0,12.5396
181497.0,12.005
181507.0,10.4321
181513.0,9.95886
181515.0,9.90087
181521.0,10.1047
181541.0,12.1598
181552.0,12.7518
181557.0,12.839
181579.0,12.4658
181631.0,11.1058
181684.0,10.3232
181785.0,9.58969
181962.0,9.13593
181977.0,9.1307
182043.0,9.33946
182064.0,9.73916
182081.0,10.6297
182100.0,12.0037
182103.0,12.0484
182113.0,11.596
182132.0,9.98388
182142.0,9.4961
182164.0,9.06682
182229.0,8.76128
182999.0,8.41548
185267.0,8.23754
185997.0,8.40392
186150.0,8.80104
186227.0,9.51319
186281.0,10.6639
186321.0,11.568
186334.0,11.6411
186362.0,11.2622
186421.0,9.76021
186473.0,9.006
186575.0,8.46777
186898.0,8.18674
196553.0,7.86622
196937.0,7.99353
196969.0,8.21353
196983.0,8.55396
196995.0,9.24765
197009.0,10.4818
197012.0,10.5325
197020.0,10.1456
197034.0,8.79415
197049.0,8.20646
197077.0,7.9331
197846.0,7.81827
198807.0,7.80184
199371.0,7.92552
199436.0,8.15438
199467.0,8.52341
199491.0,9.24362
199521.0,10.8054
199526.0,10.8482
199536.0,10.5416
199562.0,9.02326
199576.0,8.55624
199607.0,8.09149
199697.0,7.82336
200637.0,7.73777
200929.0,7.85326
200956.0,8.09117
200969.0,8.51272
200981.0,9.57719
200990.0,10.2424
200992.0,10.2617
200999.0,9.92948
201013.0,8.66757
201025.0,8.12304
201051.0,7.84596
201381.0,7.71277
205454.0,7.6249
207128.0,7.78888
207394.0,8.14299
207482.0,8.6019
207552.0,9.48579
207621.0,10.7915
207638.0,10.8886
207667.0,10.6265
207748.0,9.10447
207807.0,8.5302
207925.0,8.13987
208063.0,8.05976
208475.0,8.38612
208721.0,8.99516
208898.0,9.91554
209003.0,10.8994
209109.0,12.5171
209197.0,14.6713
209285.0,17.8091
209398.0,22.177
209453.0,22.9693
209506.0,22.2008
209610.0,18.1008
209709.0,14.3889
209797.0,12.1793
209885.0,10.7671
209991.0,9.71815
210132.0,8.93609
210308.0,8.57746
210393.0,8.81479
210439.0,9.37019
210468.0,10.2232
210487.0,11.3247
210502.0,12.8685
210518.0,15.3081
210545.0,21.5392
210554.0,22.7706
210557.0,22.872
210565.0,22.2669
210580.0,19.094
210597.0,15.0937
210611.0,12.895
210625.0,11.4658
210644.0,10.2148
210673.0,9.21237
210711.0,8.56477
210788.0,8.03117
210994.0,7.60949
211532.0,7.29038
211640.0,7.45004
211681.0,7.90744
211702.0,8.57228
211716.0,9.48145
211726.0,10.5798
211736.0,12.3518
211746.0,14.9999
211762.0,19.9898
211770.0,21.1325
211770.0,21.1411
211778.0,20.5574
211792.0,16.97
211806.0,13.9462
211818.0,12.0907
211828.0,11.0373
211849.0,9.77731
211870.0,9.09294
211914.0,8.38074
211997.0,7.88808
212241.0,7.51856
213653.0,7.2045
217600.0,6.88603
218104.0,7.03676
218244.0,7.39689
218312.0,7.98203
218353.0,8.81246
218382.0,9.93782
218404.0,11.3993
218447.0,15.1682
218462.0,15.644
218474.0,15.28
218503.0,12.7782
218530.0,10.6134
218557.0,9.22664
218591.0,8.2757
218632.0,7.69155
218714.0,7.19721
218899.0,6.89011
219318.0,6.77985
219741.0,6.94073
219916.0,7.34938
220002.0,7.92379
220059.0,8.74334
220102.0,9.90838
220136.0,11.5063
220162.0,13.4189
220194.0,16.872
220228.0,20.5738
220246.0,21.2583
220263.0,20.6529
220291.0,17.7619
220328.0,13.738
220356.0,11.6089
220392.0,9.93479
220428.0,8.92677
220470.0,8.19356
220556.0,7.44549
220702.0,6.94489
221077.0,6.58563
223393.0,6.13946
223448.0,6.13824
223741.0,6.28
223822.0,6.55336
223875.0,7.08216
223907.0,7.83545
223928.0,8.80359
223944.0,10.0227
223957.0,11.62
223971.0,13.9673
223995.0,19.0503
224005.0,20.1589
224008.0,20.2515
224018.0,19.6789
224035.0,16.6372
224053.0,13.171
224068.0,11.2648
224086.0,9.70121
224111.0,8.44584
224145.0,7.56737
224185.0,7.04658
224224.0,6.75246
224362.0,6.3439
224728.0,6.0961
225828.0,5.9771
227248.0,6.18941
228256.0,6.72091
228833.0,7.40004
229127.0,8.1508
229310.0,9.06148
229447.0,10.2895
229562.0,11.8559
229773.0,15.5433
229838.0,15.921
229916.0,15.3767
230143.0,11.7566
230267.0,10.4557
230422.0,9.52552
230671.0,8.84341
231168.0,8.47233
231509.0,8.43767
232689.0,8.49415
232987.0,8.48585
233151.0,8.63281
233192.0,9.04492
233212.0,9.71614
233224.0,10.5084
233236.0,11.9232
233258.0,15.7839
233266.0,16.2791
233276.0,15.7071
233299.0,12.5103
233316.0,11.0682
233336.0,10.1801
233377.0,9.44321
233467.0,8.9832
233860.0,8.71681
240230.0,8.26494
240526.0,8.41246
240590.0,8.8361
240615.0,9.46878
240630.0,10.3948
240640.0,11.6093
240648.0,13.1093
240656.0,15.6094
240667.0,19.1562
240673.0,20.1789
240674.0,20.2181
240680.0,19.7123
240688.0,17.3343
240700.0,13.5908
240707.0,12.0084
240717.0,10.7031
240730.0,9.81145
240750.0,9.1278
240792.0,8.61564
240926.0,8.30195
242957.0,8.05199
243291.0,8.19287
243381.0,8.56386
243425.0,9.21471
243451.0,10.1286
243472.0,11.4587
243510.0,15.4407
243520.0,15.7668
243531.0,15.3243
243566.0,11.9629
243588.0,10.509
243610.0,9.68178
243644.0,9.02877
243711.0,8.50121
243902.0,8.14122
245888.0,7.82818
247992.0,7.67932
248770.0,7.86551
249029.0,8.32488
249144.0,8.8835
249231.0,9.72543
249303.0,11.0494
249360.0,12.896
249411.0,15.443
249489.0,20.0369
249525.0,20.7882
249561.0,19.9239
249663.0,14.7575
249706.0,13.3958
249740.0,12.8416
249760.0,12.7544
249793.0,13.0623
249821.0,13.8596
249881.0,16.7787
249895.0,17.014
249920.0,16.388
249984.0,12.558
250020.0,11.139
250064.0,10.1045
250136.0,9.18467
250251.0,8.50857
250507.0,7.9395
251241.0,7.47075
253727.0,6.88163
254042.0,7.02951
254161.0,7.35195
254220.0,7.75259
254265.0,8.33701
254302.0,9.24127
254332.0,10.5348
254354.0,12.1299
254373.0,14.1372
254396.0,17.7222
254422.0,22.4359
254434.0,23.6883
254441.0,23.9558
254454.0,23.2267
254476.0,19.7569
254504.0,15.1347
254525.0,12.707
254546.0,11.0753
254573.0,9.72896
254606.0,8.74005
254656.0,7.95554
254737.0,7.33639
254900.0,6.91408
255128.0,6.77901
255486.0,7.00058
255779.0,7.65373
256091.0,9.02288
256352.0,10.155
256469.0,10.2988
256844.0,9.78639
257095.0,10.2539
257455.0,11.1558
257662.0,11.2859
258699.0,10.3653
260187.0,9.3441
260461.0,9.22277
260502.0,9.38871
260511.0,9.85718
260517.0,10.7529
260528.0,13.2661
260531.0,13.5757
260535.0,13.3518
260547.0,10.8247
260554.0,9.94287
260565.0,9.52157
260612.0,9.25729
261712.0,8.89892
261976.0,9.10781
262051.0,9.55972
262088.0,10.2047
262116.0,11.266
262140.0,12.9343
262171.0,15.6601
262182.0,15.9891
262198.0,15.2859
262235.0,12.1579
262260.0,10.8455
262284.0,10.1161
262334.0,9.43178
262448.0,8.95565
262966.0,8.63453
264595.0,8.40242
265054.0,8.59314
265180.0,8.95486
265242.0,9.39917
265305.0,10.3278
265346.0,11.4568
265399.0,13.8235
265434.0,15.329
265455.0,15.6395
265476.0,15.3641
265559.0,12.0974
265607.0,10.82
265670.0,9.8874
265764.0,9.21627
265983.0,8.67163
266724.0,8.31361
269087.0,8.08717
269368.0,8.22173
269402.0,8.43731
269425.0,8.92745
269451.0,10.1209
269455.0,10.162
269468.0,9.72983
269490.0,8.68182
269518.0,8.23813
269645.0,8.04187
275756.0,7.76433
276280.0,7.894
276349.0,8.11007
276388.0,8.49337
276424.0,9.38156
276448.0,9.9762
276451.0,9.9852
276473.0,9.54633
276511.0,8.46384
276545.0,8.06429
276636.0,7.79646
282426.0,7.51675
283823.0,7.47778
284428.0,7.63074
284533.0,7.95218
284582.0,8.44764
284615.0,9.25972
284637.0,10.2896
284657.0,11.9218
284681.0,13.9357
284693.0,14.3308
284702.0,14.1479
284729.0,12.0989
284755.0,10.4101
284773.0,9.70047
284798.0,9.17298
284845.0,8.87173
284888.0,9.13326
284918.0,9.67529
284947.0,10.7686
284967.0,12.114
284988.0,14.2436
285020.0,18.1176
285035.0,18.8088
285050.0,18.1513
285095.0,13.088
285121.0,11.213
285143.0,10.2144
285172.0,9.39162
285231.0,8.56845
285324.0,8.05347
285570.0,7.6798
287039.0,7.43053
287153.0,7.42653
287345.0,7.56309
287377.0,7.79878
287398.0,8.29004
287411.0,9.05514
287421.0,10.1563
287440.0,12.9672
287446.0,13.2832
287454.0,12.8427
287474.0,10.0929
287484.0,9.18513
287500.0,8.47096
287526.0,7.98188
287600.0,7.62523
288110.0,7.43447
289227.0,7.39341
289929.0,7.52471
290060.0,7.82327
290113.0,8.20823
290201.0,9.51982
290211.0,9.55425
290241.0,9.24226
290298.0,8.23866
290345.0,7.80843
290476.0,7.45162
291577.0,7.29007
295987.0,7.16723
296398.0,7.28153
296435.0,7.54902
296452.0,8.05109
296472.0,8.93342
296475.0,8.95711
296486.0,8.5946
296504.0,7.71701
296528.0,7.33358
296611.0,7.17315
296721.0,7.16052
297392.0,7.3471
297591.0,7.76199
297691.0,8.38539
297757.0,9.2741
297810.0,10.5286
297901.0,13.3957
297927.0,13.6654
297966.0,13.1201
298035.0,11.1446
298071.0,10.637
298082.0,10.7194
298096.0,11.27
298105.0,12.2247
298114.0,13.8977
298128.0,17.3736
298135.0,18.0143
298142.0,17.3732
298160.0,12.8982
298169.0,11.3553
298180.0,10.2453
298194.0,9.52543
298226.0,8.75145
298298.0,8.10694
298477.0,7.58657
299002.0,7.23501
299735.0,7.07373
299808.0,7.19692
299824.0,7.40383
299837.0,7.82229
299848.0,8.64155
299856.0,9.87391
299868.0,11.8769
299876.0,12.3894
299884.0,11.7948
299901.0,9.52492
299914.0,8.57644
299931.0,7.99789
299961.0,7.59923
300066.0,7.28902
300882.0,7.12413
301243.0,7.25848
301317.0,7.56388
301359.0,8.20061
301399.0,9.13177
301403.0,9.14758
301419.0,8.92674
301458.0,7.88809
301495.0,7.43499
301580.0,7.1576
302855.0,7.00179
305853.0,6.88146
306030.0,7.01829
306063.0,7.36628
306076.0,7.85549
306087.0,8.62734
306098.0,10.2247
306110.0,11.9094
306115.0,12.1647
306123.0,11.7801
306142.0,9.26766
306151.0,8.47494
306165.0,7.84195
306188.0,7.4041
306259.0,7.06875
306780.0,6.89736
308335.0,6.85191
309464.0,6.99598
309694.0,7.27503
309791.0,7.67906
309849.0,8.31862
309878.0,8.99584
309903.0,10.0199
309922.0,11.456
309944.0,14.0079
309963.0,16.2024
309971.0,16.4847
309982.0,15.8358
310002.0,12.6809
310017.0,10.4684
310031.0,9.10171
310046.0,8.30153
310065.0,7.74761
310098.0,7.47478
310134.0,7.76335
310158.0,8.49086
310177.0,9.65807
310201.0,11.8859
310211.0,12.2445
310220.0,11.9166
310249.0,9.03785
310265.0,8.01479
310281.0,7.45133
310314.0,6.94564
310385.0,6.64594
310658.0,6.55068
311087.0,6.55543
313236.0,6.47517
313698.0,6.59854
313839.0,6.89761
313909.0,7.3229
313962.0,7.99974
314000.0,8.87037
314044.0,10.5177
314088.0,12.2801
314108.0,12.5659
314137.0,12.0983
314214.0,9.38093
314266.0,8.27578
314336.0,7.50363
314442.0,6.98765
314663.0,6.59667
315839.0,5.81124
316241.0,5.22903
316690.0,4.1547
316749.0,4.1115
316814.0,4.20852
316866.0,4.47703
316908.0,4.94992
316928.0,5.47465
316938.0,5.96509
316946.0,6.66787
316956.0,8.01182
316965.0,9.22394
316971.0,9.5305
316977.0,9.17129
316993.0,7.20091
317002.0,6.57706
317012.0,6.32309
317016.0,6.30187
317041.0,6.48505
317164.0,8.6665
317314.0,11.1196
317427.0,12.3752
317526.0,12.8802
317563.0,12.9162
317942.0,12.3759
318315.0,12.9607
318813.0,14.8988
319361.0,17.197
319572.0,17.4738
319884.0,16.8647
320842.0,12.0329
321365.0,10.1861
321987.0,8.83
322797.0,7.82201
323014.0,7.69535
323150.0,7.84443
323213.0,8.30727
323244.0,8.9651
323265.0,9.92035
323281.0,11.0717
323299.0,13.2488
323322.0,16.3929
323333.0,16.9564
323346.0,16.2069
323376.0,12.2503
323394.0,10.622
323416.0,9.44804
323438.0,8.77661
323482.0,8.09505
323558.0,7.6205
323774.0,7.20045
325111.0,6.33956
326962.0,5.19497
327950.0,4.25965
328830.0,3.25806
329015.0,3.17507
329169.0,3.28212
329246.0,3.46
329323.0,3.79217
329381.0,4.20728
329439.0,4.85529
329487.0,5.67421
329536.0,6.88239
329580.0,8.49865
329629.0,10.9113
329703.0,15.0505
329737.0,16.0064
329746.0,16.0595
329777.0,15.5508
329831.0,12.9961
329892.0,9.93583
329934.0,8.30692
329986.0,6.88808
330039.0,5.97245
330102.0,5.30275
330158.0,4.96359
330242.0,4.72986
330298.0,4.69105
330466.0,4.88588
331208.0,6.93055
331229.0,7.46266
331250.0,6.95557
331258.0,6.92172
331765.0,7.6589
332204.0,8.15681
332290.0,8.63276
332322.0,9.13948
332352.0,10.167
332370.0,11.4749
332388.0,13.4387
332413.0,16.8766
332423.0,17.3807
332434.0,16.8017
332466.0,12.7885
332482.0,11.3192
332504.0,10.1484
332530.0,9.37693
332573.0,8.8061
332651.0,8.43041
332960.0,8.16642
334749.0,7.95176
335194.0,8.12244
335332.0,8.44849
335436.0,9.13285
335499.0,10.0271
335560.0,11.5388
335621.0,13.2512
335652.0,13.5769
335693.0,13.1062
335786.0,10.7985
335839.0,9.91353
335943.0,8.98144
336082.0,8.48773
336221.0,8.35405
336322.0,8.49251
336393.0,8.91552
336443.0,9.71694
336473.0,10.6623
336501.0,12.2244
336536.0,15.2749
336560.0,17.145
336571.0,17.4303
336591.0,16.8025
336643.0,12.7132
336669.0,11.2767
336705.0,10.1161
336750.0,9.32481
336821.0,8.70735
336971.0,8.21734
337434.0,7.84627
340543.0,7.41687
345978.0,7.08126
346295.0,7.22357
346356.0,7.47534
346395.0,7.9406
346419.0,8.62703
346434.0,9.38753
346449.0,10.6925
346465.0,12.818
346482.0,15.2578
346492.0,15.871
346502.0,15.4186
346534.0,11.3263
346551.0,9.91182
346571.0,8.97474
346600.0,8.24333
346658.0,7.65705
346789.0,7.29778
347484.0,7.07337
349530.0,6.93161
349667.0,7.03076
349698.0,7.24146
349716.0,7.61859
349729.0,8.34858
349737.0,9.1718
349746.0,10.8436
349759.0,13.7875
349766.0,14.332
349771.0,14.0501
349782.0,12.1139
349793.0,10.0463
349804.0,8.8506
349817.0,8.13289
349840.0,7.6165
349894.0,7.23177
350131.0,7.00673
354575.0,6.77415
355046.0,6.90641
355169.0,7.26346
355225.0,7.81633
355260.0,8.61056
355286.0,9.70365
355308.0,11.2909
355347.0,14.9107
355362.0,15.5194
355379.0,14.9154
355425.0,11.0421
355452.0,9.56501
355481.0,8.68297
355523.0,7.96686
355607.0,7.36939
355775.0,7.01374
356481.0,6.78102
359063.0,6.63706
359502.0,6.77726
359594.0,7.03386
359656.0,7.55315
359687.0,8.13891
359714.0,9.07839
359736.0,10.3377
359761.0,12.5825
359786.0,14.9358
359800.0,15.4282
359814.0,15.0393
359862.0,11.0944
359888.0,9.63832
359919.0,8.63597
359966.0,7.85939
360027.0,7.37927
360163.0,6.9863
360609.0,6.7202
368322.0,6.29625
368636.0,6.39972
368694.0,6.63591
368720.0,7.01103
368737.0,7.62631
368750.0,8.50831
368770.0,10.5542
368778.0,10.8712
368787.0,10.5635
368810.0,8.30098
368823.0,7.47258
368836.0,7.02498
368862.0,6.62669
368928.0,6.36216
369411.0,6.22631
369783.0,6.35915
369894.0,6.66786
369949.0,7.08106
369984.0,7.58593
370019.0,8.4126
370088.0,11.0426
370112.0,11.4064
370139.0,10.9884
370211.0,8.67582
370257.0,7.81954
370331.0,7.11535
370442.0,6.683
370749.0,6.3367
372729.0,5.89679
372823.0,6.01779
372842.0,6.34237
372862.0,7.00954
372864.0,7.02208
372872.0,6.85204
372890.0,6.17219
372907.0,5.92817
373074.0,5.78163
374508.0,5.27711
374838.0,5.44058
375243.0,6.16443
375629.0,6.78255
376107.0,6.97961
376819.0,6.90628
376915.0,6.96817
376942.0,7.14828
376961.0,7.73402
376974.0,8.04927
376983.0,7.87196
377001.0,7.15196
377030.0,6.88454
378196.0,6.67893
378458.0,6.78512
378536.0,7.09468
378580.0,7.68131
378616.0,8.24641
378620.0,8.2531
378650.0,7.85073
378695.0,7.10803
378754.0,6.76911
378986.0,6.56937
379075.0,6.55686
379204.0,6.68407
379235.0,6.94506
379253.0,7.41408
379266.0,8.14582
379281.0,9.65672
379292.0,10.7347
379298.0,10.947
379305.0,10.7554
379333.0,8.38905
379351.0,7.56149
379376.0,7.10469
379437.0,6.76159
379718.0,6.55335
382211.0,6.3313
382406.0,6.46373
382439.0,6.64764
382464.0,6.99561
382480.0,7.47078
382494.0,8.2742
382523.0,10.7191
382531.0,10.9834
382539.0,10.8475
382576.0,8.30035
382592.0,7.6581
382618.0,7.14085
382668.0,6.73856
382829.0,6.45947
383290.0,6.35958
383504.0,6.49028
383535.0,6.67471
383562.0,7.17547
383586.0,7.80685
383591.0,7.8293
383609.0,7.45395
383637.0,6.74769
383668.0,6.47762
383829.0,6.31049
385669.0,6.1776
385813.0,6.2732
385852.0,6.55133
385871.0,6.98428
385882.0,7.5003
385894.0,8.5571
385912.0,10.3091
385919.0,10.5893
385926.0,10.4509
385956.0,8.08911
385975.0,7.2751
386002.0,6.81538
386041.0,6.54615
386209.0,6.29779
389604.0,6.07047
394328.0,5.9154
395128.0,6.03247
395309.0,6.2783
395382.0,6.54977
395455.0,7.16302
395498.0,7.93475
395532.0,9.00865
395565.0,10.7218
395608.0,13.4192
395624.0,13.9984
395633.0,14.0893
395654.0,13.5483
395718.0,9.9356
395754.0,8.6029
395783.0,7.94013
395843.0,7.19182
395923.0,6.7969
395977.0,6.72935
396066.0,6.91329
396183.0,7.67812
396193.0,7.68976
396234.0,7.48966
396337.0,6.56425
396457.0,6.14438
396777.0,5.90875
399912.0,5.71073
400821.0,5.83984
401090.0,6.13134
401206.0,6.47818
401282.0,6.93742
401339.0,7.53256
401392.0,8.50397
401439.0,9.88636
401520.0,13.3614
401544.0,13.7345
401570.0,13.2784
401622.0,10.7033
401660.0,8.93339
401698.0,7.73401
401737.0,6.97433
401794.0,6.31728
401871.0,5.88755
402007.0,5.63933
402027.0,5.63616
402145.0,5.82003
402223.0,6.31171
402280.0,7.10852
402322.0,8.18443
402368.0,9.97701
402425.0,12.7431
402461.0,13.6621
402470.0,13.7114
402501.0,13.3375
402617.0,9.95652
402676.0,8.81557
402754.0,7.88088
402852.0,7.21783
403010.0,6.66951
403320.0,6.21983
404029.0,5.92181
404434.0,5.88662
405092.0,6.03983
405437.0,6.4212
405842.0,7.20999
405882.0,7.22053
406085.0,6.91771
406460.0,6.15461
406966.0,5.75963
408536.0,5.48193
411596.0,5.28521
411792.0,5.37128
411847.0,5.5879
411874.0,5.90735
411893.0,6.3566
411907.0,7.00503
411921.0,8.01148
411936.0,9.85711
411954.0,12.1535
411964.0,12.6169
411975.0,12.1216
412005.0,9.00055
412022.0,7.83942
412040.0,7.08449
412068.0,6.47645
412105.0,6.08277
412186.0,5.74415
412440.0,5.52277
412656.0,5.49866
413374.0,5.69788
413751.0,6.09359
414020.0,6.75263
414182.0,7.50486
414316.0,8.53024
414451.0,10.1504
414580.0,12.4344
414731.0,15.3469
414823.0,16.1442
414832.0,16.1501
414896.0,15.8032
415011.0,13.9932
415191.0,10.8014
415322.0,9.17176
415456.0,8.0579
415618.0,7.20204
415887.0,6.39487
416264.0,5.83908
416964.0,5.39505
418760.0,4.98958
420162.0,4.80059
420375.0,4.88996
420447.0,5.09842
420490.0,5.44755
420518.0,5.9076
420538.0,6.51362
420559.0,7.57364
420580.0,9.26997
420606.0,11.5903
420620.0,12.1995
420622.0,12.2181
420638.0,11.7103
420682.0,8.47818
420703.0,7.49085
420731.0,6.63449
420767.0,6.03107
420825.0,5.55202
420920.0,5.21689
421177.0,4.93718
422417.0,4.66648
423572.0,4.55369
423927.0,4.65484
424041.0,4.85533
424117.0,5.21604
424170.0,5.75593
424213.0,6.59324
424282.0,8.63136
424311.0,9.02353
424335.0,8.7836
424415.0,6.71613
424464.0,5.916
424521.0,5.39004
424597.0,5.0272
424750.0,4.71788
425186.0,4.46519
426646.0,4.22084
426888.0,4.32758
426961.0,4.5582
427004.0,4.92125
427037.0,5.50719
427063.0,6.32115
427107.0,8.27733
427126.0,8.68003
427129.0,8.69149
427151.0,8.31887
427201.0,6.63793
427237.0,5.83337
427283.0,5.2886
427356.0,4.8875
427466.0,4.6621
427605.0,4.59068
427821.0,4.72178
427951.0,5.00026
428059.0,5.4939
428145.0,6.25586
428210.0,7.22818
428279.0,8.83294
428369.0,11.2152
428410.0,11.6301
428445.0,11.3485
428509.0,9.82321
428592.0,7.73387
428646.0,6.783
428711.0,6.00265
428798.0,5.35277
428927.0,4.81287
429143.0,4.38527
429541.0,4.05986
429845.0,3.96109
429982.0,4.03771
430047.0,4.22607
430096.0,4.61281
430124.0,5.07696
430146.0,5.74055
430163.0,6.50737
430183.0,7.81592
430216.0,10.5076
430228.0,11.0763
430235.0,11.1815
430247.0,10.9463
430270.0,9.56437
430302.0,7.55077
430322.0,6.65394
430347.0,5.92561
430379.0,5.32129
430412.0,4.95039
430477.0,4.53741
430588.0,4.22108
430861.0,3.94001
431843.0,3.62011
435237.0,2.96899
435460.0,2.95674
435837.0,3.03429
436053.0,3.25445
436197.0,3.58412
436382.0,4.10702
436423.0,4.1388
436506.0,4.03109
436732.0,3.3193
436912.0,2.95947
437091.0,2.75682
437450.0,2.53638
438527.0,2.19161
440862.0,1.66043
442388.0,1.42108
443555.0,1.33569
443914.0,1.33126
444991.0,1.38573
445709.0,1.48746
445934.0,1.57743
446023.0,1.66556
446091.0,1.82141
446136.0,2.0179
446166.0,2.2632
446192.0,2.58547
446213.0,2.99397
446234.0,3.59164
446253.0,4.423
446274.0,5.65053
446308.0,8.03797
446323.0,8.67605
446330.0,8.77272
446345.0,8.5053
446372.0,7.13104
446402.0,5.49228
446425.0,4.58555
446452.0,3.86626
446485.0,3.30421
446523.0,2.91047
446579.0,2.57363
446655.0,2.3437
446775.0,2.18243
446994.0,2.10339
447055.0,2.10086
447658.0,2.21758
449092.0,2.77589
452389.0,4.30078
452439.0,4.50572
452458.0,4.7777
452473.0,5.29085
452486.0,6.16862
452503.0,7.53517
452510.0,7.78934
452515.0,7.73155
452525.0,7.18662
452544.0,5.90789
452557.0,5.39483
452576.0,4.99963
452613.0,4.70598
452722.0,4.54801
452772.0,4.54027
455728.0,5.40562
456840.0,5.5237
457452.0,5.47423
457475.0,5.54642
457490.0,5.97295
457501.0,6.2431
457512.0,5.97343
457525.0,5.59275
457560.0,5.47246
458551.0,5.04087
459313.0,4.35649
460160.0,3.21363
460922.0,2.12569
461303.0,1.71169
461599.0,1.49546
461836.0,1.40917
461921.0,1.40171
462073.0,1.43171
462209.0,1.53213
462315.0,1.70863
462389.0,1.94225
462442.0,2.22224
462484.0,2.57299
462521.0,3.04224
462551.0,3.61111
462577.0,4.31134
462603.0,5.29888
462626.0,6.49985
462681.0,10.0682
462700.0,10.775
462706.0,10.8107
462723.0,10.4354
462749.0,8.89441
462786.0,6.2559
462809.0,4.9814
462832.0,4.04634
462855.0,3.38772
462882.0,2.85283
462911.0,2.46306
462950.0,2.12527
463002.0,1.86086
463044.0,1.73021
463121.0,1.59973
463237.0,1.52925
463314.0,1.51862
463623.0,1.60205
465513.0,2.60295
465860.0,2.85874
466014.0,3.11836
466091.0,3.3739
466150.0,3.75412
466200.0,4.26842
466247.0,5.07077
466322.0,6.81276
466348.0,7.13047
466359.0,7.16827
466393.0,6.91392
466491.0,5.22245
466546.0,4.60869
466609.0,4.18672
466694.0,3.88345
466862.0,3.64285
467115.0,3.57125
468043.0,3.79469
469322.0,4.37133
470081.0,4.97005
470613.0,5.71116
471003.0,6.63458
471216.0,7.46669
471305.0,8.05687
471364.0,8.76362
471407.0,9.75463
471439.0,11.1844
471493.0,14.8034
471506.0,15.0874
471527.0,14.4672
471567.0,12.1764
471587.0,11.388
471627.0,10.5667
471682.0,10.2484
471700.0,10.2363
471876.0,10.9152
472334.0,13.538
472583.0,14.0724
472833.0,13.5704
473643.0,9.58757
474059.0,8.17424
474579.0,7.08185
474981.0,6.48909
474994.0,6.10756
475011.0,5.35891
475022.0,5.21004
475026.0,5.20821
475480.0,7.01579
476170.0,5.79917
478370.0,5.5453
479070.0,6.32318
480450.0,5.60152
485360.0,5.53887
486490.0,7.0199
487250.0,5.93864
489452.0,6.07494
489960.0,6.45262
490060.0,5.9291
490870.0,6.06912
493320.0,2.8916
493750.0,3.25673
494090.0,4.47392
494430.0,3.85339
496330.0,5.26191
496668.0,8.71493
496810.0,10.2731
497253.0,6.1623
498430.0,5.74263
509330.0,6.29264
511310.0,5.76152
511980.0,7.4983
512355.0,6.07063
512480.0,5.97234
515980.0,5.94231
516700.0,6.18999
518720.0,5.66609
519501.0,6.48464
519970.0,8.3211
520382.0,6.15155
521070.0,5.82248
522330.0,7.75368
522810.0,6.15552
526468.0,6.61604
527900.0,8.94897
528970.0,11.5486
530682.0,7.04902
536380.0,5.85891
536845.0,5.85344
537310.0,5.8546
537970.0,6.65214
538410.0,6.39751
538740.0,6.89455
538960.0,5.86419
541060.0,4.3975
542340.0,2.14918
542949.0,3.32193
543485.0,7.64049
543680.0,9.21063
544456.0,6.28734
546990.0,5.95322
547805.0,6.94318
547907.0,7.40556
548620.0,11.3634
549567.0,6.48082
549702.0,6.30967
552950.0,4.81084
553810.0,3.56841
555256.0,4.39863
555590.0,5.44508
556000.0,4.55563
557730.0,6.93517
558840.0,10.6788
560546.0,7.23043
560940.0,6.48048
563110.0,6.09575
563700.0,7.97454
564520.0,6.26778
566060.0,6.48055
567610.0,5.67532
569160.0,6.36976
580320.0,5.32645
581740.0,5.92269
586910.0,5.50246
587780.0,6.01054
590240.0,5.2051
591880.0,6.91192
592200.0,5.67812
594620.0,4.08849
596555.0,4.97919
597500.0,7.49289
598138.0,5.62223
601580.0,5.51564
602126.0,7.29896
602247.0,8.07809
602550.0,10.3352
603191.0,6.72197
604710.0,6.39667
605100.0,7.20182
607270.0,6.02954
608860.0,5.77456
609580.0,7.48314
610450.0,5.97441
611944.0,7.39624
612840.0,10.1961
614520.0,6.13192
615590.0,6.58675
616130.0,8.01318
616711.0,6.80582
620870.0,5.37951
621895.0,5.91034
622510.0,7.72738
622872.0,6.08377
622945.0,5.86
631780.0,5.20238
632690.0,6.98504
633740.0,5.37014
634800.0,5.1724
636490.0,7.37854
637060.0,5.67395
641900.0,5.05838
643620.0,6.56117
644560.0,5.4563
645640.0,5.0794
646728.0,5.79758
647380.0,7.04241
647740.0,5.81807
648910.0,7.15101
649420.0,10.7076
649990.0,6.42939
650332.0,5.88157
650880.0,5.13132
652630.0,6.96772
652850.0,5.4341
653440.0,3.48466
654468.0,4.63941
654810.0,4.753
658920.0,5.07519
659740.0,8.46993
661160.0,6.1982
661610.0,8.88472
662269.0,5.70766
662304.0,5.6056
666050.0,4.95001
667378.0,6.99812
668410.0,7.24891
668790.0,7.05198
669455.0,5.89556
669930.0,5.01157
685080.0,4.73144
687518.0,5.94281
688330.0,6.53149
689360.0,6.57581
691520.0,2.94115
692640.0,3.9611
693200.0,6.36289
693850.0,4.66196
695380.0,4.83856
696030.0,6.72928
696830.0,5.62659
697928.0,6.93122
699030.0,8.39156
700090.0,6.54659
700820.0,6.90238
701800.0,8.70516
702380.0,10.2876
703127.0,6.7167
705920.0,5.1542
709150.0,5.63393
714840.0,4.65317
716860.0,6.04795
720260.0,4.73953
724046.0,4.82435
724138.0,4.91418
726170.0,9.57275
727498.0,7.03873
729710.0,5.50882
730760.0,5.75611
734160.0,4.68156
735480.0,5.59781
738120.0,4.40955
739450.0,5.54449
742110.0,4.55459
744748.0,4.81732
746130.0,5.81442
748830.0,4.50586
750190.0,6.50865
751000.0,9.36344
751971.0,6.04434
752085.0,5.92388
758310.0,4.5068
759690.0,4.79067
761080.0,3.10544
763020.0,2.96194
763466.0,3.94879
764040.0,6.26896
765350.0,7.31901
766694.0,6.93145
767500.0,5.35704
768340.0,6.04175
769470.0,4.72733
770351.0,5.47535
770880.0,6.68673
771540.0,4.75048
771581.0,4.73441
772860.0,4.76107
773810.0,5.51935
774570.0,7.57364
776170.0,2.88078
776236.0,2.81487
776660.0,2.76774
778190.0,4.73368
779150.0,3.93535
780178.0,4.95389
780752.0,5.69496
781260.0,6.73367
781982.0,5.44488
782705.0,5.21347
784150.0,4.91011
786190.0,7.1989
788230.0,4.95831
789400.0,5.27902
790670.0,5.25433
792830.0,4.1815
793720.0,4.85162
794900.0,4.73392
797870.0,4.69648
798870.0,8.68434
801960.0,5.01455
803260.0,4.45381
804260.0,3.04706
807261.0,3.22015
807690.0,3.29552
808700.0,3.9584
811140.0,3.98412
812260.0,5.55018
813180.0,5.28266
814100.0,4.51232
814710.0,5.44878
817280.0,4.21297
820270.0,4.56763
821410.0,8.27438
822410.0,6.83746
824320.0,5.75117
825470.0,4.72415
826645.0,4.75429
826880.0,4.8508
827350.0,5.68674
828090.0,4.65194
830300.0,4.7059
831560.0,5.78877
834630.0,4.57812
838260.0,4.68086
840940.0,5.7028
841604.0,5.02167
842120.0,3.7846
842489.0,4.25505
842562.0,4.40123
843300.0,7.83642
844258.0,5.32956
844760.0,5.22186
846220.0,5.08962
847200.0,7.45093
848830.0,3.97124
854195.0,4.30155
854750.0,4.68253
857261.0,3.57622
857840.0,3.26217
858830.0,4.69837
861390.0,3.77952
862390.0,4.98816
863510.0,4.02007
867215.0,4.24888
868450.0,4.9469
869800.0,4.20085
870930.0,4.81854
873488.0,4.20588
874340.0,3.9663
877080.0,4.3916
879030.0,4.36433
881790.0,3.81363
883980.0,3.7527
885030.0,5.90771
885840.0,4.44338
889330.0,5.10518
891090.0,4.0544
892610.0,4.88562
896150.0,3.90349
897100.0,4.98804
897920.0,6.56304
899350.0,4.79901
900540.0,6.47871
902090.0,4.29991
903400.0,5.03438
908200.0,4.0992
910680.0,4.27549
911710.0,4.31591
914380.0,4.15029
915600.0,4.25379
918540.0,3.86661
919520.0,5.67418
920260.0,4.59863
921120.0,5.47118
923439.0,4.84217
924830.0,4.33111
925690.0,4.9661
927680.0,4.62279
929786.0,4.85425
931050.0,6.12779
931680.0,4.23319
932810.0,4.3173
933560.0,5.83611
935863.0,4.43692
941530.0,3.60317
942800.0,3.39125
943630.0,4.18677
944460.0,4.32055
945360.0,6.00206
947020.0,3.10328
949210.0,3.24963
951150.0,4.44952
952570.0,5.89253
953864.0,4.57976
954640.0,4.56576
956070.0,3.87601
958328.0,3.99594
959080.0,4.28304
959860.0,5.22995
964070.0,3.34247
966180.0,4.39255
967110.0,4.55787
968830.0,3.49269
969900.0,5.52207
970700.0,4.71971
971360.0,5.46421
972865.0,3.77838
974570.0,3.36266
975640.0,4.82139
976990.0,3.85847
977930.0,4.50624
978870.0,3.8696
980630.0,5.61565
981580.0,4.58596
983070.0,3.74817
984430.0,5.80536
985520.0,4.71245
986610.0,7.0048
987980.0,4.59738
989070.0,4.51834
990170.0,3.90275
992230.0,6.5945
993750.0,4.15417
994990.0,4.39869
996930.0,3.98431
998460.0,6.97943
999850.0,4.86427
999990.0,4.89436
1000100.0,4.7006
1002100.0,5.06646
1004900.0,3.96102
1007300.0,5.22278
1009900.0,4.59359
1011150.0,4.17883
1013600.0,3.13589
1014560.0,3.78562
1015800.0,4.99993
1018900.0,4.53872
1019900.0,6.64982
1021600.0,4.26261
1023400.0,4.41789
1028000.0,3.94415
1029500.0,5.13383
1030940.0,4.74775
1031800.0,4.40175
1033400.0,4.61773
1034600.0,4.00405
1036600.0,5.23948
1038700.0,4.93394
1039600.0,4.36979
1040600.0,4.94082
1043100.0,4.03282
1044500.0,4.46756
1044900.0,4.0964
1047300.0,4.75136
1051600.0,3.58872
1053100.0,4.75484
1054000.0,5.66009
1057120.0,3.80746
1059000.0,3.6823
1060720.0,3.98487
1061900.0,6.02731
1062780.0,4.78955
1065400.0,3.75779
1067100.0,5.20654
1069400.0,3.33848
1070500.0,4.01782
1071400.0,3.46232
1073000.0,4.55558
1073700.0,4.5567
1075800.0,4.48671
1078900.0,4.8219
1082750.0,3.4958
1083300.0,3.28451
1084150.0,3.90823
1085000.0,3.96049
1087400.0,4.38287
1089450.0,4.01059
1091500.0,3.95508
1092300.0,4.31642
1093100.0,3.21548
1095350.0,3.38379
1096100.0,3.51207
1097400.0,3.39714
1099800.0,5.60428
1100840.0,4.50303
1101190.0,4.41474
1103500.0,4.22394
1104600.0,5.41305
1106280.0,4.35974
1107700.0,3.59962
1109780.0,4.38606
1111300.0,6.86162
1115360.0,5.22665
1120500.0,3.44373
1121620.0,4.0872
1122000.0,4.22299
1123500.0,4.48236
1125000.0,4.50704
1128000.0,3.94619
1129000.0,5.09098
1131000.0,4.47697
1132200.0,6.91443
1134720.0,4.59276
1138400.0,3.7535
1140800.0,3.75835
1142300.0,3.39878
1143800.0,4.61084
1144900.0,3.59971
1146700.0,5.70645
1147900.0,4.14129
1149550.0,5.18865
1150200.0,6.16326
1151500.0,4.35493
1154100.0,4.53372
1155900.0,3.91266
1157100.0,5.85255
1161100.0,4.19334
1162600.0,4.81608
1163500.0,4.9177
1164450.0,3.85767
1165400.0,3.5554
1166650.0,5.60195
1167150.0,5.77062
1167400.0,5.8077
1169100.0,3.47087
1170000.0,4.43183
1170700.0,5.96199
1172770.0,3.76954
1176000.0,3.60902
1178190.0,3.89839
1181400.0,6.2069
1182300.0,5.82885
1183700.0,6.44607
1186400.0,5.39429
1188400.0,5.84599
1192210.0,4.9226
1194500.0,4.52542
1195800.0,6.43375
1197300.0,4.70652
1199100.0,4.60374
1203700.0,5.14479
1206500.0,3.53929
1208100.0,3.74081
1209100.0,3.31783
1210500.0,4.10251
1212000.0,4.02554
1213050.0,4.61121
1217020.0,4.64183
1218700.0,4.64002
1221600.0,3.77995
1222500.0,4.91448
1223600.0,3.57725
1225500.0,5.57001
1226500.0,5.89096
1227600.0,4.80769
1229100.0,5.34384
1232700.0,5.18037
1235600.0,7.15021
1236580.0,4.46195
1237350.0,4.37575
1239100.0,4.29061
1240600.0,5.02507
1242300.0,3.73849
1244300.0,4.28355
1245400.0,3.26259
1247010.0,3.62043
1249700.0,4.6865
1251200.0,4.02049
1253200.0,4.41664
1257100.0,3.65926
1258500.0,4.87967
1259500.0,3.28356
1261400.0,3.91505
1262400.0,3.52262
1264000.0,6.35421
1265800.0,4.67654
1268800.0,4.64848
1271800.0,4.88868
1276000.0,3.78241
1280400.0,3.60562
1282980.0,4.21187
1286300.0,4.27425
1288300.0,4.7385
1290200.0,3.84966
1293400.0,4.54847
1294900.0,3.61688
1296100.0,4.556
1297700.0,3.79752
1299800.0,3.86461
1300940.0,4.48367
1301900.0,5.24173
1303700.0,3.67968
1305400.0,4.36716
1307100.0,2.85307
1308750.0,4.85493
1309400.0,5.59219
1313300.0,3.94605
1316900.0,4.12576
1321300.0,4.52724
1323700.0,6.29518
1326700.0,4.98377
1329200.0,5.67274
1330600.0,5.18153
1332000.0,5.14942
1334600.0,4.2497
1337400.0,3.60389
1339500.0,6.94417
1343600.0,4.16154
1346500.0,5.38646
1350600.0,4.25408
1354580.0,4.87678
1355400.0,6.40085
1357000.0,4.26152
1360500.0,4.54264
1363200.0,4.87567
1364300.0,3.85291
1365800.0,6.00535
1368900.0,4.3052
1375200.0,4.31903
1377200.0,3.57467
1379300.0,4.89313
1381060.0,4.84041
1384000.0,3.96605
1387400.0,4.10072
1388300.0,3.62035
1391500.0,5.14616
1397000.0,4.20431
1401700.0,4.72177
1408200.0,4.26088
1409600.0,4.68631
1411200.0,4.4095
1416100.0,4.73345
1418500.0,3.53968
1423220.0,4.71992
1425300.0,5.3629
1425800.0,5.46505
1427200.0,3.46212
1431000.0,4.09269
1435100.0,4.22652
1440400.0,4.65697
1444000.0,3.91792
1446700.0,5.41264
1448950.0,4.52416
1449700.0,4.44344
1452700.0,4.34122
1455900.0,5.39533
1460100.0,4.04431
1463660.0,4.45648
1464380.0,4.60661
1465800.0,6.03337
1469000.0,3.96476
1475900.0,4.41992
1479500.0,4.07696
1482500.0,4.41483
1489500.0,4.15349
1490800.0,4.45384
1492300.0,3.91978
1495900.0,4.48892
1497200.0,3.98542
1505900.0,4.38968
1507550.0,3.82461
1510300.0,3.62391
1513600.0,3.71922
1515500.0,3.52152
1518870.0,3.66904
1520400.0,4.12918
1523600.0,3.95987
1525700.0,4.42625
1531400.0,4.43193
1534900.0,4.68093
1536300.0,4.30614
1540500.0,4.0983
1542100.0,4.16702
1545300.0,3.6039
1548000.0,3.31154
1551200.0,6.03866
1556300.0,4.16925
1563900.0,4.59993
1566600.0,3.69149
1570700.0,5.43006
1574000.0,4.1389
1576800.0,4.14537
1578700.0,3.79023
1581020.0,4.14305
1584000.0,5.90018
1585900.0,4.80725
1587900.0,5.15306
1589900.0,4.46693
1595700.0,5.36493
1601900.0,3.4009
1609000.0,3.79282
1610700.0,4.49151
1615900.0,4.60094
1617600.0,5.33458
1619600.0,4.13001
1623900.0,4.44553
1632300.0,3.15382
1634600.0,5.96516
1639000.0,4.32047
1642000.0,4.45177
1645800.0,3.58739
1647800.0,4.96106
1655200.0,5.13199
1661500.0,5.42379
1670200.0,4.46041
1672300.0,4.57804
1675620.0,4.23489
1685600.0,3.90519
1690050.0,4.032
1694500.0,4.31423
1697300.0,3.17624
1699400.0,4.35848
1704100.0,4.45627
1705900.0,5.29544
1708700.0,4.04536
1714700.0,4.65302
1716500.0,6.02191
1719400.0,3.79984
1724100.0,5.05451
1726900.0,4.04726
1732600.0,5.2277
1735200.0,3.64705
1740300.0,4.8153
1743500.0,3.32907
1748600.0,5.10831
1751600.0,4.04402
1754100.0,4.86038
1758500.0,4.62893
1765500.0,3.71363
1770100.0,4.30339
1772700.0,3.30427
1776400.0,4.52219
1778000.0,3.84149
1783700.0,3.26293
1785600.0,4.90068
1789000.0,3.50525
1792380.0,4.9481
1793700.0,6.23705
1797000.0,4.154
1803700.0,4.36832
1806100.0,4.14684
1809200.0,4.70268
1813600.0,4.1622
1816600.0,4.89383
1819700.0,3.50966
1823750.0,3.77388
1826600.0,4.06936
1829000.0,4.10323
1831100.0,6.03462
1835200.0,4.71637
1839700.0,4.85453
1846200.0,4.6942
1852700.0,4.14169
1857200.0,4.69308
1858700.0,4.77483
1863300.0,5.77159
1865400.0,3.88387
1868200.0,5.27818
1872500.0,4.1217
1877900.0,4.63224
1883300.0,4.5769
1885100.0,5.04811
1891020.0,4.93062
1893000.0,4.85261
1896000.0,7.22783
1899200.0,4.49245
1904700.0,5.33535
1908000.0,6.13421
1917600.0,4.29251
1920200.0,5.28961
1923200.0,4.45898
1957230.0,4.56914
1962800.0,5.74646
1974400.0,4.65556
1997800.0,4.78475
2003700.0,5.35922
2009700.0,4.55187
2027600.0,5.3046
2058500.0,4.91393
2089400.0,4.80894
2103720.0,5.49148
2108500.0,5.58285
2114900.0,4.801
2121400.0,5.07838
2127800.0,4.55065
2154000.0,5.75475
2160700.0,5.18456
2180700.0,5.52104
2187500.0,5.82212
2194300.0,4.94132
2201100.0,5.42223
2207900.0,4.97119
2228700.0,5.86576
2242600.0,5.019
2263900.0,5.83314
2278200.0,5.24762
2292600.0,5.87481
2299900.0,5.53398
2307200.0,6.34258
2314600.0,5.05072
2322000.0,5.70551
2329400.0,5.44903
2336800.0,5.95068
2351900.0,5.12462
2397800.0,5.79452
2413400.0,5.151
2421300.0,6.04743
2437100.0,5.48425
2469300.0,5.94442
2477400.0,5.02739
2502000.0,5.66478
2527100.0,5.19787
2535500.0,5.56182
2569600.0,5.2023
2578300.0,5.42228
2587000.0,4.80234
2619980.0,5.7482
2640000.0,6.17682
2658000.0,5.50178
2732100.0,6.36836
2751100.0,5.58758
2770300.0,6.28004
2869400.0,6.05889
2879600.0,6.40612
2900100.0,5.74573
2920900.0,6.04425
2952500.0,5.93658
3006300.0,5.45642
3028300.0,6.38332
3039300.0,5.97217
3061600.0,6.14404
3072900.0,6.08422
3107000.0,6.2133
3118500.0,6.20428
3130000.0,5.76562
3141600.0,5.70331
3153300.0,6.00512
3165100.0,5.78719
3188800.0,6.07935
3212800.0,5.5647
3224900.0,6.00522
3249200.0,5.88303
3261500.0,6.19272
3298800.0,5.75141
3311400.0,6.0456
3336800.0,5.85057
3349600.0,6.07256
3362500.0,5.75137
3375400.0,5.86552
3388400.0,5.55866
3401500.0,5.78901
3414700.0,5.52522
3434700.0,5.77037
3454700.0,5.84713
3468200.0,5.4148
3495400.0,5.80214
3536800.0,5.86027
3550800.0,5.56116
3564800.0,5.714
3578900.0,5.39886
3593200.0,5.54441
3607500.0,5.4275
3621900.0,5.61273
3636300.0,5.36297
3650900.0,5.72556
3665600.0,5.61186
3680300.0,5.67606
3695100.0,5.37848
3710000.0,5.69653
3725100.0,5.50026
3740200.0,5.68122
3770600.0,5.46101
3832700.0,5.68272
3848500.0,5.54129
3880300.0,5.69976
3896400.0,5.43835
3928800.0,5.65874
3961600.0,5.58225
3978200.0,5.7282
3994900.0,5.52681
4028500.0,5.71459
4062600.0,5.55946
4132100.0,5.58686
4221500.0,5.36629
4276600.0,5.51869
4332700.0,5.15332
4351700.0,5.35688
4409300.0,5.2278
4448300.0,5.29295
4468100.0,5.07324
4548300.0,5.18617
4568700.0,5.07789
4589200.0,5.30353
4609900.0,5.18328
4630700.0,5.27744
4651700.0,5.11582
4715400.0,5.02116
4773000.0,5.22999
5243250.0,4.68265
6550000.0,3.55161
7665120.0,2.99055
8843480.0,2.63296
1.0E7,2.48333
1.05E7,2.46448
1.22285E7,2.54142
1.7258E7,3.15084
2.0E7,3.30311
2.1E7,3.3106
2.45E7,3.1752
3.45E7,2.30025
3.9E7,2.0606
4.35E7,1.9848
4.4E7,1.9841
5.0E7,2.08005
6.8E7,2.6456
7.85E7,2.7963
8.3E7,2.8099
9.6E7,2.7125
1.5E8,1.7758
1.74E8,1.4782
2.0E8,1.2654
