82-Pb-204(n,&gamma;) ENDF/B-VII.1
1.0E-5,33.2689
1.30374E-5,29.1369
1.71104E-5,25.4336
2.22778E-5,22.2897
2.92376E-5,19.4567
3.80674E-5,17.0515
4.996E-5,14.8844
6.50481E-5,13.0444
8.53698E-5,11.3865
1.11152E-4,9.97901
1.45877E-4,8.71072
1.89932E-4,7.63398
2.49268E-4,6.66379
3.24548E-4,5.84009
4.2594E-4,5.09789
5.54575E-4,4.46774
7.2783E-4,3.89992
9.47636E-4,3.41785
0.00124369,2.98344
0.00161928,2.61463
0.00212517,2.28228
0.00276697,2.00018
0.0036314,1.74591
0.00472809,1.53003
0.0062052,1.33568
0.00807918,1.1705
0.0106032,1.02203
0.0138054,0.895502
0.0181183,0.781593
0.0244451,0.67317
0.0253,0.66172
0.033204,0.577635
0.0432317,0.505912
0.0567377,0.441528
0.0738726,0.387226
0.0969512,0.337851
0.126231,0.296269
0.165666,0.258426
0.215698,0.226442
0.283085,0.197908
0.368577,0.173269
0.483724,0.151364
0.629809,0.132607
0.845444,0.114393
1.17354,0.0970854
1.57574,0.0838213
2.17164,0.0714564
2.97514,0.0610077
4.07093,0.0522308
5.49915,0.0449094
7.33587,0.0389035
9.90847,0.033503
13.5271,0.0286565
19.1019,0.024149
25.9373,0.0207628
36.769,0.0174672
49.6409,0.0150739
69.0275,0.0128432
95.2045,0.0109927
130.27,0.00948202
174.996,0.00826163
240.824,0.00717027
326.82,0.00634005
398.215,0.00601561
426.72,0.00614182
442.071,0.00652857
450.03,0.00705406
455.358,0.00774768
459.354,0.00867134
462.351,0.00982407
464.973,0.011455
467.013,0.0134781
468.678,0.0160054
470.01,0.0190074
471.113,0.0226001
472.133,0.0273696
473.007,0.0332484
473.735,0.040171
474.36,0.0483876
474.963,0.0594306
475.473,0.0725175
475.942,0.089286
476.358,0.110154
476.712,0.134773
477.045,0.166959
477.336,0.206277
477.602,0.256608
477.836,0.318603
478.044,0.396783
478.218,0.489318
478.372,0.603948
478.497,0.733787
478.618,0.910527
478.718,1.11741
478.801,1.35388
478.882,1.66566
478.955,2.03953
479.028,2.53174
479.112,3.29259
479.192,4.25352
479.284,5.68966
479.387,7.77582
479.521,11.1697
479.754,17.5088
479.887,19.9789
480.0,20.7092
480.093,20.2061
480.196,18.5836
480.366,14.3166
480.566,8.88001
480.676,6.43086
480.77,4.79685
480.857,3.62799
480.932,2.86385
481.007,2.27974
481.089,1.80666
481.163,1.4817
481.257,1.1842
481.353,0.966686
481.457,0.795901
481.582,0.648866
481.715,0.535951
481.89,0.43005
482.065,0.354193
482.289,0.28406
482.552,0.226571
482.831,0.183245
483.164,0.14649
483.538,0.11739
483.954,0.0945672
484.381,0.0777682
484.891,0.0632925
485.432,0.0522625
486.056,0.0430555
486.785,0.0353695
487.576,0.0294248
488.596,0.0240607
489.657,0.02019
490.989,0.0168339
492.654,0.0140425
494.652,0.0118557
496.9,0.0102638
499.897,0.00891353
503.31,0.00796053
507.904,0.0072022
515.626,0.00647824
525.109,0.00604573
544.54,0.00564501
583.188,0.00535156
646.42,0.00518879
753.06,0.00507753
918.0,0.00528782
1042.16,0.00580536
1137.95,0.00660265
1204.68,0.00758596
1246.08,0.0086452
1266.6,0.00953589
1283.2,0.0107851
1293.16,0.0121389
1300.63,0.0139141
1305.61,0.0158812
1309.76,0.0185028
1312.87,0.0215688
1315.47,0.0254401
1317.54,0.0300205
1319.46,0.0362238
1321.09,0.0440555
1322.42,0.0532493
1323.51,0.0639141
1324.54,0.0782054
1325.45,0.0959494
1326.23,0.117294
1326.9,0.143009
1327.54,0.17694
1328.07,0.216631
1328.53,0.263166
1328.95,0.323538
1329.32,0.394103
1329.68,0.492743
1329.99,0.613426
1330.22,0.739713
1330.44,0.898389
1330.64,1.11299
1330.81,1.37056
1330.95,1.66529
1331.08,2.04883
1331.21,2.58071
1331.32,3.21945
1331.44,4.1622
1331.57,5.43788
1331.7,7.20996
1331.83,9.46502
1331.98,12.9606
1332.18,18.612
1332.62,32.5573
1332.82,36.8752
1333.0,38.2931
1333.16,37.2475
1333.34,33.6377
1333.63,24.9488
1333.91,16.0259
1334.08,11.4176
1334.22,8.52664
1334.36,6.40751
1334.47,4.97398
1334.59,3.88106
1334.71,3.03004
1334.82,2.48676
1334.95,1.98197
1335.07,1.61728
1335.23,1.30505
1335.39,1.08288
1335.57,0.891234
1335.81,0.722162
1336.09,0.580585
1336.37,0.477774
1336.73,0.383904
1337.15,0.30824
1337.6,0.249516
1338.12,0.201703
1338.73,0.162032
1339.37,0.132667
1340.16,0.1068
1341.07,0.086142
1342.03,0.0708294
1343.12,0.0585381
1344.44,0.0481414
1346.07,0.0394555
1347.94,0.0328754
1349.81,0.0283789
1352.3,0.0243358
1355.2,0.0212904
1358.63,0.018999
1363.54,0.0170568
1368.03,0.0161308
1374.0,0.0153171
1386.0,0.0148575
1406.0,0.0154438
1430.0,0.0172164
1458.04,0.0203676
1483.0,0.0245234
1502.0,0.0288832
1522.0,0.0353097
1540.0,0.0434377
1556.0,0.0536205
1570.0,0.066206
1582.0,0.0812764
1592.63,0.099779
1602.0,0.122119
1611.0,0.152046
1618.0,0.183768
1625.5,0.230616
1631.5,0.282901
1636.75,0.345147
1642.0,0.430826
1646.5,0.533068
1650.5,0.658315
1654.25,0.819918
1657.38,1.00602
1660.4,1.25469
1663.15,1.57112
1665.5,1.94763
1667.75,2.45127
1669.57,3.02039
1671.38,3.79759
1673.0,4.7834
1674.4,5.97924
1675.6,7.39808
1676.65,9.09243
1677.7,11.4366
1678.6,14.2358
1679.4,17.6605
1680.1,21.743
1680.81,27.4638
1681.43,34.2634
1681.97,42.5489
1682.54,54.0781
1683.04,67.8781
1683.6,88.519
1684.26,120.039
1685.12,164.853
1685.52,180.014
1686.0,187.093
1686.44,181.005
1686.99,159.445
1688.22,96.1569
1688.78,73.9177
1689.28,58.6421
1689.84,45.855
1690.4,36.517
1691.0,29.2205
1691.7,23.0702
1692.4,18.6244
1693.2,14.9235
1694.1,11.9215
1695.14,9.45061
1696.24,7.57937
1697.4,6.14267
1698.8,4.89243
1700.2,3.98956
1701.9,3.18977
1703.65,2.59259
1705.6,2.10491
1708.0,1.67241
1710.7,1.32778
1713.4,1.08007
1716.62,0.866183
1720.0,0.702727
1723.75,0.570186
1728.05,0.45965
1733.1,0.36661
1738.75,0.292555
1744.75,0.236141
1751.0,0.193481
1758.0,0.157928
1766.0,0.128309
1774.0,0.10643
1784.0,0.0863384
1794.0,0.0715126
1806.0,0.058456
1820.0,0.0474829
1836.0,0.0385724
1854.0,0.0314032
1873.99,0.0258279
1898.0,0.0211253
1922.0,0.0178601
1950.0,0.0151992
1982.0,0.0131426
2023.7,0.0114839
2070.5,0.0105443
2105.6,0.0103313
2152.4,0.0106701
2193.35,0.0116609
2228.45,0.013241
2257.7,0.015344
2284.02,0.0182456
2307.43,0.0221121
2324.98,0.0262862
2342.52,0.0322037
2357.15,0.039191
2370.31,0.0480975
2382.01,0.0592026
2392.25,0.0726632
2401.02,0.0887063
2409.8,0.111127
2417.11,0.137441
2423.69,0.170322
2429.54,0.210989
2434.66,0.260276
2439.05,0.317205
2443.44,0.396176
2446.98,0.484192
2450.26,0.594601
2453.27,0.733975
2456.01,0.908196
2458.65,1.14115
2460.95,1.42715
2463.0,1.78193
2464.79,2.21216
2466.44,2.75852
2467.88,3.42223
2469.2,4.25563
2470.35,5.25487
2471.5,6.63731
2472.5,8.31896
2473.38,10.3298
2474.24,13.0224
2475.06,16.5715
2475.8,20.8367
2476.62,27.262
2477.51,36.3996
2478.95,52.311
2479.53,56.3805
2480.0,57.4554
2480.47,56.3525
2481.23,50.5762
2483.11,29.7617
2483.93,22.7101
2484.66,17.9791
2485.48,14.0385
2486.29,11.2235
2487.17,8.96965
2488.12,7.18783
2489.14,5.7871
2490.31,4.6247
2491.63,3.68484
2493.02,2.96906
2494.66,2.35986
2496.49,1.87797
2498.54,1.49353
2500.62,1.21243
2502.92,0.984041
2505.67,0.787002
2508.59,0.635549
2511.88,0.512112
2515.54,0.412914
2519.6,0.333348
2524.61,0.263621
2529.73,0.212513
2535.57,0.170557
2541.43,0.140009
2548.74,0.112274
2556.05,0.092108
2564.82,0.0744844
2572.87,0.0625348
2583.84,0.050557
2595.54,0.0412991
2608.7,0.0337599
2623.32,0.0277756
2637.95,0.0234144
2655.5,0.0197691
2670.12,0.0179789
2675.98,0.0176948
2682.56,0.0182044
2686.58,0.019125
2690.24,0.0211814
2692.67,0.0237575
2694.43,0.0268869
2695.91,0.0310083
2697.13,0.0362546
2698.16,0.0427937
2699.01,0.0507566
2699.81,0.0616841
2700.48,0.0751919
2701.06,0.092094
2701.5,0.110888
2701.88,0.132756
2702.17,0.156874
2702.46,0.189546
2702.68,0.22379
2702.89,0.272515
2703.07,0.33442
2703.25,0.416419
2703.39,0.513345
2703.54,0.646017
2703.68,0.827129
2703.82,1.05167
2703.96,1.38297
2704.11,1.82082
2704.26,2.37686
2704.44,3.24431
2704.64,4.45011
2704.9,6.46352
2705.48,11.3169
2705.73,12.7547
2705.98,13.3466
2706.0,13.3493
2706.24,12.8897
2706.49,11.5522
2706.88,8.36788
2707.25,5.27615
2707.47,3.76056
2707.64,2.82433
2707.81,2.10246
2707.96,1.58746
2708.09,1.25382
2708.23,0.970176
2708.36,0.765399
2708.5,0.611134
2708.65,0.481698
2708.81,0.384452
2708.98,0.312309
2709.15,0.260992
2709.37,0.215673
2709.6,0.180776
2709.92,0.147762
2710.31,0.120624
2710.77,0.0978018
2711.29,0.0804976
2711.92,0.0654844
2712.56,0.0549626
2713.33,0.045978
2714.23,0.0386272
2715.38,0.0321697
2716.53,0.0277423
2718.06,0.0237033
2719.98,0.0203737
2722.28,0.01778
2725.61,0.0154451
2729.87,0.0136427
2735.19,0.01235
2740.5,0.0113621
2752.37,0.010077
2768.18,0.00892427
2795.85,0.00760404
2835.39,0.00639465
2874.92,0.00554678
2922.36,0.00480687
2985.62,0.00414072
3068.05,0.00357368
3154.11,0.003183
3264.06,0.00285069
3429.7,0.00254036
3597.15,0.0024082
3607.0,0.00240757
3677.92,0.00248599
3709.44,0.00264267
3727.17,0.00284011
3740.96,0.00313125
3751.54,0.00353318
3759.48,0.00404213
3765.39,0.00464694
3770.31,0.00542234
3774.2,0.00631523
3777.95,0.00758912
3781.12,0.00919754
3783.71,0.0111108
3785.93,0.0134498
3787.9,0.0164111
3789.62,0.0200799
3791.12,0.0245681
3792.5,0.0303872
3793.66,0.0372514
3794.69,0.0457851
3795.58,0.0558949
3796.42,0.0691282
3797.1,0.0841794
3797.73,0.102962
3798.34,0.128186
3798.83,0.157118
3799.27,0.193736
3799.64,0.237267
3799.96,0.291963
3800.21,0.352728
3800.4,0.420528
3800.6,0.514639
3800.78,0.630546
3800.94,0.782219
3801.11,0.988638
3801.28,1.26849
3801.44,1.63172
3801.61,2.14208
3801.79,2.81075
3801.96,3.68031
3802.17,4.99109
3802.4,6.88454
3802.73,10.1068
3803.33,16.6284
3803.64,19.0822
3803.94,20.194
3804.0,20.2248
3804.28,19.5598
3804.56,17.6176
3805.01,12.9441
3805.47,8.10035
3805.72,5.80576
3805.95,4.23369
3806.15,3.11763
3806.32,2.36187
3806.49,1.82672
3806.64,1.43277
3806.8,1.13131
3806.95,0.902937
3807.13,0.710216
3807.3,0.576023
3807.5,0.464109
3807.69,0.384398
3807.94,0.314115
3808.19,0.264401
3808.49,0.219702
3808.86,0.181351
3809.29,0.149144
3809.81,0.121327
3810.44,0.097338
3811.1,0.0792338
3811.88,0.064056
3812.74,0.0519696
3813.73,0.0420763
3814.88,0.0338329
3816.09,0.0277077
3817.59,0.022302
3819.32,0.0179805
3821.24,0.0146211
3823.31,0.0120797
3825.72,0.00999236
3828.72,0.00820145
3832.27,0.00677913
3836.34,0.00570491
3840.59,0.00492588
3846.85,0.00417513
3855.5,0.00355611
3865.89,0.00312781
3879.74,0.00280663
3897.05,0.00258126
3917.82,0.00242806
3959.37,0.00228926
4028.61,0.00220379
4056.31,0.0021862
4130.96,0.00221406
4174.68,0.00229721
4199.4,0.00243217
4218.06,0.00265379
4230.5,0.00295895
4238.28,0.00330086
4245.28,0.0037864
4249.94,0.00430859
4254.47,0.00507937
4257.76,0.00590618
4260.5,0.00690539
4263.18,0.00830771
4265.3,0.00991048
4267.16,0.0118833
4268.93,0.0145562
4270.43,0.0177926
4271.67,0.021512
4272.91,0.0267562
4273.88,0.0325564
4274.81,0.0402812
4275.65,0.0501894
4276.32,0.0611159
4276.87,0.0734836
4277.45,0.0913039
4277.91,0.111677
4278.29,0.134807
4278.62,0.163805
4278.88,0.197072
4279.12,0.238572
4279.33,0.292064
4279.53,0.364203
4279.7,0.454003
4279.88,0.577913
4280.05,0.737297
4280.22,0.954224
4280.39,1.24256
4280.56,1.61959
4280.75,2.17874
4280.93,2.87163
4281.17,3.9839
4281.43,5.56706
4281.89,8.88518
4282.32,12.018
4282.67,13.8493
4282.98,14.4516
4283.0,14.4537
4283.29,13.9692
4283.64,12.2961
4284.22,8.06972
4284.62,5.25116
4284.88,3.7526
4285.09,2.78063
4285.27,2.10694
4285.45,1.59784
4285.63,1.20701
4285.79,0.941818
4285.96,0.724562
4286.12,0.578412
4286.3,0.454443
4286.47,0.364581
4286.65,0.29921
4286.84,0.247343
4287.04,0.209544
4287.31,0.171254
4287.62,0.141703
4288.02,0.115356
4288.49,0.0939281
4288.98,0.0774716
4289.58,0.0631727
4290.3,0.0508967
4291.08,0.0414676
4292.0,0.0334077
4293.09,0.0268122
4294.33,0.0215616
4295.66,0.0176133
4297.2,0.014359
4298.8,0.0119744
4300.66,0.00998158
4302.82,0.0083356
4305.26,0.00703491
4308.18,0.0059465
4311.77,0.00504145
4315.25,0.00443853
4321.06,0.00377668
4326.86,0.00335666
4336.15,0.00294792
4347.76,0.00266626
4366.33,0.0024379
4394.19,0.00229507
4438.48,0.00222312
4459.19,0.00221218
4541.03,0.00231305
4581.96,0.0024947
4609.24,0.00275644
4629.7,0.00313425
4643.34,0.00358033
4653.57,0.00412741
4662.09,0.00482008
4668.91,0.00564038
4675.24,0.00679898
4680.06,0.00808697
4684.2,0.00967473
4687.84,0.011641
4690.96,0.0140065
4693.95,0.0171892
4696.68,0.0213662
4699.02,0.0264913
4701.1,0.0329554
4702.79,0.0403303
4704.35,0.0497868
4705.68,0.0609692
4706.98,0.0761908
4708.12,0.0949936
4709.03,0.115788
4709.94,0.144609
4710.69,0.177668
4711.37,0.219551
4712.0,0.2744
4712.49,0.333423
4712.9,0.400753
4713.25,0.482243
4713.58,0.586401
4713.87,0.721263
4714.1,0.869568
4714.32,1.06772
4714.54,1.34518
4714.73,1.68603
4714.92,2.12155
4715.11,2.73424
4715.31,3.54844
4715.5,4.61139
4715.7,5.96897
4715.93,7.97478
4716.21,11.0983
4716.56,15.9526
4717.22,26.0479
4717.56,29.9853
4717.89,31.9195
4718.0,32.0629
4718.31,31.0063
4718.65,27.7412
4719.21,19.6077
4719.69,12.4369
4719.97,9.05092
4720.2,6.82699
4720.41,5.16165
4720.63,3.87385
4720.82,2.98222
4721.02,2.30751
4721.21,1.80793
4721.4,1.43785
4721.6,1.16455
4721.82,0.93774
4722.06,0.759656
4722.29,0.640859
4722.62,0.520089
4722.94,0.434978
4723.35,0.358276
4723.83,0.292392
4724.44,0.234726
4725.12,0.188528
4725.8,0.15517
4726.58,0.127153
4727.49,0.103329
4728.53,0.0836465
4729.67,0.0680769
4731.06,0.0544026
4732.62,0.0436393
4734.38,0.0350875
4736.2,0.0287542
4738.41,0.0232381
4741.01,0.0186826
4743.87,0.0151889
4747.06,0.0124541
4750.76,0.010225
4754.4,0.00866359
4758.56,0.0073768
4764.41,0.00611988
4770.26,0.00525419
4777.27,0.00452906
4786.63,0.0038938
4795.99,0.00347372
4810.02,0.00307029
4828.74,0.0027467
4861.49,0.00246152
4908.27,0.00227805
4996.33,0.00216286
5084.39,0.00213422
5343.69,0.00218233
5700.83,0.00239597
5898.58,0.00261573
6053.08,0.00286904
6163.16,0.00317192
6251.22,0.00352305
6336.84,0.00407778
6395.57,0.00471669
6439.62,0.00547097
6473.88,0.00636086
6503.24,0.00750167
6527.71,0.00892206
6547.29,0.0105487
6564.42,0.0125946
6579.1,0.0150772
6591.33,0.0179541
6603.57,0.022009
6614.58,0.0272446
6624.37,0.0339257
6631.71,0.0409864
6639.05,0.0507904
6645.17,0.0622007
6650.67,0.0763869
6655.57,0.0937855
6660.34,0.117503
6664.25,0.14459
6667.68,0.176928
6671.1,0.222088
6674.1,0.277837
6676.67,0.344436
6679.12,0.433077
6681.14,0.535216
6682.73,0.643785
6684.38,0.795902
6685.85,0.981533
6687.22,1.22137
6688.45,1.51659
6689.58,1.89581
6690.56,2.34983
6691.49,2.9493
6692.35,3.71773
6693.07,4.60266
6693.8,5.83372
6694.5,7.44159
6695.19,9.53559
6695.98,12.631
6697.63,20.3379
6698.41,22.872
6699.0,23.5035
6699.69,22.6441
6700.41,20.1747
6702.3,11.4295
6703.07,8.67012
6703.76,6.78399
6704.41,5.42797
6705.15,4.30606
6705.93,3.43806
6706.78,2.74753
6707.73,2.19651
6708.7,1.78882
6709.86,1.43113
6711.04,1.16772
6712.43,0.940408
6713.93,0.76256
6715.64,0.615
6717.6,0.493489
6719.86,0.393016
6722.31,0.315529
6724.82,0.257834
6727.75,0.208519
6730.81,0.170999
6734.24,0.140177
6738.15,0.114203
6742.43,0.0934096
6747.33,0.0760944
6752.83,0.0619891
6758.95,0.0506569
6766.29,0.040935
6774.86,0.0329768
6784.65,0.0266871
6794.43,0.0222067
6806.67,0.0182427
6821.35,0.0149883
6836.03,0.0127393
6855.61,0.0106892
6884.58,0.00881206
6908.55,0.0078353
6941.19,0.00700465
6956.5,0.0067181
7004.45,0.00618388
7076.38,0.00592024
7100.35,0.00589435
7196.25,0.00611702
7316.12,0.0068479
7436.0,0.00804424
7531.9,0.0094644
7627.8,0.0114871
7711.71,0.0140253
7783.64,0.0170822
7843.58,0.0205726
7903.51,0.0254619
7957.46,0.0316314
7999.41,0.0383005
8041.37,0.0474071
8077.33,0.0581513
8112.1,0.0726463
8140.87,0.0893931
8164.84,0.10826
8188.81,0.134125
8211.59,0.168125
8231.37,0.209667
8248.15,0.258398
8264.34,0.323509
8279.32,0.408413
8291.31,0.50261
8303.3,0.632942
8313.79,0.792372
8322.78,0.980526
8330.27,1.19118
8337.76,1.47335
8345.25,1.86018
8352.0,2.33975
8357.99,2.9164
8363.98,3.68915
8370.19,4.7582
8376.78,6.23491
8388.05,9.02864
8391.64,9.58462
8394.95,9.7636
8399.79,9.3868
8406.27,8.00643
8416.97,5.32382
8423.62,4.042
8429.61,3.17731
8435.61,2.5322
8442.35,1.99812
8448.34,1.64492
8455.84,1.31528
8463.33,1.07218
8472.32,0.857678
8482.81,0.678224
8493.3,0.548839
8505.29,0.441108
8517.87,0.358768
8532.26,0.28969
8548.44,0.233288
8567.62,0.18553
8586.8,0.151001
8610.78,0.120023
8634.75,0.0976276
8663.52,0.0782922
8692.29,0.0642785
8729.45,0.0512639
8766.61,0.0420845
8808.57,0.0344371
8850.53,0.0288599
8898.47,0.0242378
8958.41,0.0202456
9006.36,0.0181696
9042.33,0.0175755
9055.81,0.0180735
9063.29,0.0189382
9069.25,0.0203601
9073.53,0.0220734
9077.43,0.0249178
9080.03,0.0280457
9081.97,0.0316514
9084.01,0.0374327
9085.41,0.0433652
9086.8,0.0521671
9087.82,0.0617129
9088.74,0.0742516
9089.49,0.0887548
9090.15,0.107682
9090.67,0.130225
9091.09,0.157333
9091.41,0.186903
9091.72,0.229362
9091.98,0.279729
9092.25,0.349927
9092.47,0.431881
9092.7,0.540643
9092.95,0.702733
9093.2,0.924563
9093.46,1.21821
9093.71,1.59866
9093.99,2.12731
9094.32,2.94473
9094.73,4.20227
9095.41,6.76815
9096.08,9.25099
9096.56,10.4709
9097.0,10.8688
9097.46,10.4487
9097.96,9.13216
9099.28,4.16053
9099.65,3.01032
9099.98,2.20517
9100.27,1.62658
9100.54,1.22025
9100.79,0.93828
9101.02,0.729191
9101.26,0.566353
9101.5,0.444727
9101.74,0.354697
9101.98,0.288339
9102.25,0.234229
9102.57,0.190108
9102.88,0.159472
9103.3,0.1315
9103.72,0.112268
9104.32,0.0932019
9105.04,0.0775527
9105.88,0.064871
9106.96,0.0536671
9108.04,0.0459016
9109.54,0.0384899
9111.34,0.0326324
9113.44,0.0281655
9116.44,0.0241631
9120.04,0.0212787
9123.97,0.0193891
9131.6,0.0173037
9145.74,0.0155965
9166.93,0.0145971
9211.68,0.0139345
9225.81,0.013907
9287.04,0.0145258
9334.14,0.0159618
9371.82,0.0180481
9404.79,0.0209885
9433.05,0.0248475
9456.6,0.0295799
9475.44,0.0349644
9494.28,0.0425501
9508.41,0.0504551
9522.54,0.0613103
9534.9,0.0744756
9547.27,0.0929711
9557.87,0.115519
9566.7,0.14172
9574.64,0.174187
9581.89,0.214722
9588.24,0.263964
9593.9,0.324034
9598.84,0.395545
9603.43,0.48584
9607.56,0.596385
9611.5,0.741846
9615.21,0.932699
9618.36,1.16003
9621.07,1.42857
9623.57,1.76842
9625.95,2.21805
9628.04,2.76707
9629.93,3.45193
9631.55,4.25757
9633.2,5.38905
9634.64,6.76367
9635.96,8.49236
9637.29,10.8589
9638.61,14.0929
9640.0,18.5974
9642.93,30.3568
9643.87,33.1301
9645.0,34.4282
9646.04,33.3237
9647.33,29.39
9650.23,17.7721
9651.54,13.669
9652.86,10.5451
9654.18,8.26213
9655.54,6.56155
9656.95,5.26362
9658.42,4.26761
9660.07,3.44571
9661.96,2.76166
9664.08,2.20689
9666.52,1.75034
9669.11,1.40462
9671.85,1.13919
9675.14,0.908218
9678.44,0.741402
9682.44,0.59363
9686.57,0.483276
9691.16,0.393142
9696.81,0.313186
9702.46,0.255514
9709.53,0.20363
9717.12,0.164041
9725.07,0.133771
9733.9,0.109207
9744.5,0.087904
9756.86,0.0702865
9770.64,0.0564349
9786.01,0.0455012
9802.79,0.0370566
9821.62,0.0302201
9842.82,0.0247176
9866.37,0.0203667
9894.63,0.0166496
9927.6,0.0136163
9965.28,0.0112127
10012.4,0.00916391
10059.5,0.00773131
10116.0,0.00652861
10186.7,0.0054975
10266.7,0.00469041
10379.8,0.00394111
10513.7,0.00338693
10647.7,0.00302102
10834.4,0.00270708
11022.8,0.00256422
11049.6,0.00256036
11150.1,0.00262044
11210.4,0.00276134
11246.0,0.00299184
11263.8,0.00320671
11281.5,0.00354199
11294.8,0.00399302
11305.9,0.00459782
11314.4,0.00530842
11322.2,0.00635639
11327.7,0.00747249
11332.3,0.00885118
11336.6,0.0106865
11340.1,0.0128446
11343.3,0.0155539
11346.0,0.0189082
11348.3,0.0229389
11350.5,0.0281043
11352.2,0.0339538
11354.0,0.0420877
11355.5,0.052332
11356.9,0.0645003
11358.1,0.0800185
11359.1,0.0987364
11360.0,0.121913
11360.7,0.148157
11361.4,0.182787
11361.9,0.217619
11362.4,0.266846
11362.8,0.323169
11363.1,0.39776
11363.5,0.491977
11363.8,0.623445
11364.1,0.791583
11364.4,1.00318
11364.7,1.28233
11364.9,1.6454
11365.2,2.12302
11365.6,2.83723
11366.0,3.85391
11366.4,5.39338
11367.2,8.67823
11367.9,11.6197
11368.5,13.0838
11369.0,13.6141
11369.5,13.2061
11370.0,11.8826
11370.8,8.80231
11371.5,5.5193
11372.0,3.88261
11372.4,2.86016
11372.8,2.14104
11373.1,1.61781
11373.4,1.253
11373.7,0.974891
11374.0,0.756867
11374.3,0.596981
11374.6,0.480128
11374.9,0.384207
11375.3,0.315206
11375.7,0.255612
11376.2,0.209862
11376.8,0.171659
11377.5,0.13853
11378.4,0.111632
11379.3,0.0904666
11380.4,0.0740842
11381.5,0.0605229
11382.8,0.0494836
11384.4,0.0402056
11386.1,0.0329001
11388.0,0.0268251
11390.3,0.0217277
11392.9,0.0177589
11395.8,0.0145622
11399.3,0.011951
11403.0,0.00995225
11407.8,0.00821811
11413.3,0.00686302
11420.3,0.00574961
11429.2,0.00485356
11439.9,0.00418951
11457.8,0.00357556
11479.3,0.00320653
11500.7,0.00300317
11529.4,0.00286459
11600.9,0.00276134
11615.2,0.00275827
11758.3,0.00290207
11901.4,0.00325615
12030.2,0.00378355
12130.3,0.00441767
12216.2,0.00521394
12302.0,0.00638822
12359.3,0.00750444
12416.5,0.00904089
12466.6,0.0109277
12516.7,0.0135554
12559.6,0.0167848
12593.9,0.0203918
12628.3,0.0254157
12656.9,0.0313015
12682.6,0.0385989
12705.2,0.0474461
12725.6,0.0582694
12746.0,0.0734934
12763.7,0.0922015
12778.5,0.114019
12791.4,0.139861
12803.9,0.174232
12814.6,0.214577
12825.4,0.270117
12834.3,0.333704
12843.3,0.420799
12851.3,0.528689
12858.5,0.658348
12866.1,0.845231
12873.2,1.07802
12881.3,1.42295
12893.3,2.00325
12899.0,2.18714
12902.9,2.22818
12907.6,2.17248
12913.3,1.97458
12929.5,1.20599
12937.0,0.92958
12944.1,0.730706
12951.3,0.5823
12959.3,0.459459
12967.4,0.369537
12976.3,0.296127
12985.3,0.241888
12996.0,0.193939
13008.5,0.153746
13021.0,0.124713
13035.4,0.1005
13050.4,0.0819612
13067.6,0.0663913
13084.7,0.0548894
13106.2,0.0443654
13129.1,0.0361603
13154.8,0.0294319
13183.5,0.0240473
13212.1,0.0200877
13246.4,0.0166777
13275.0,0.0147002
13301.5,0.0136328
13310.8,0.0135183
13325.1,0.0139281
13332.3,0.0146417
13341.2,0.016559
13346.6,0.0189388
13350.1,0.0215283
13353.3,0.0250219
13356.0,0.0296463
13358.2,0.035446
13360.2,0.0432298
13361.9,0.0528106
13363.1,0.0630811
13364.4,0.0777575
13365.3,0.0940649
13366.1,0.112413
13366.7,0.132599
13367.3,0.161128
13367.8,0.194424
13368.3,0.237896
13368.7,0.293901
13369.0,0.366785
13369.4,0.463402
13369.7,0.580841
13370.0,0.737831
13370.3,0.956835
13370.6,1.26072
13371.0,1.65816
13371.3,2.23845
13371.8,3.08855
13372.3,4.32185
13373.8,8.87064
13374.4,10.1419
13374.9,10.6447
13375.0,10.6484
13375.6,10.2272
13376.1,9.11491
13377.1,6.18438
13377.8,4.01417
13378.3,2.86116
13378.7,2.1403
13379.1,1.60099
13379.4,1.20932
13379.7,0.936232
13380.0,0.7265
13380.3,0.580645
13380.7,0.453808
13381.0,0.361981
13381.3,0.295419
13381.7,0.24093
13382.1,0.198975
13382.5,0.168953
13383.1,0.138706
13383.8,0.115223
13384.6,0.0941211
13385.6,0.0769726
13386.8,0.0632161
13388.1,0.0519423
13389.5,0.0433844
13391.2,0.0360945
13393.2,0.0301429
13395.8,0.0249246
13398.4,0.0213525
13401.7,0.0181719
13405.7,0.0155885
13411.4,0.0132697
13418.7,0.0114344
13428.2,0.00999064
13439.7,0.0089705
13455.5,0.00798345
13476.8,0.0071699
13510.7,0.00625242
13561.7,0.00533801
13638.0,0.00442328
13719.4,0.00374954
13787.3,0.00333212
13895.8,0.00285698
14004.3,0.0025342
14112.8,0.00232125
14248.5,0.00219134
14275.6,0.00218107
14384.1,0.00224366
14457.8,0.0024193
14516.1,0.0027129
14559.7,0.00310684
14593.7,0.00360407
14622.8,0.00426865
14647.1,0.00511679
14666.5,0.0061067
14684.7,0.00747288
14699.3,0.00905706
14712.0,0.0110225
14723.0,0.013385
14732.1,0.0160934
14741.2,0.0198135
14749.3,0.0245456
14755.4,0.0293412
14762.2,0.0367626
14767.2,0.0442623
14772.7,0.0555323
14777.3,0.0688136
14781.4,0.0854229
14785.3,0.107068
14788.7,0.134091
14791.5,0.165737
14794.1,0.204723
14796.2,0.250399
14798.3,0.309331
14800.3,0.386269
14802.0,0.482175
14803.5,0.596869
14804.9,0.750872
14806.1,0.927034
14807.1,1.13333
14808.1,1.41242
14809.0,1.77137
14809.8,2.21855
14810.6,2.83564
14811.3,3.59542
14812.1,4.64123
14813.0,6.24296
14815.3,11.2576
14816.2,12.5073
14817.0,12.964
14817.8,12.557
14818.7,11.0688
14821.0,6.09189
14822.0,4.52382
14822.7,3.54077
14823.4,2.80764
14824.2,2.25663
14825.0,1.78469
14825.9,1.43728
14826.8,1.15852
14827.9,0.929101
14829.1,0.752215
14830.4,0.606049
14831.8,0.495891
14833.5,0.397428
14835.4,0.319322
14837.5,0.256032
14839.7,0.208801
14842.2,0.168629
14845.2,0.135538
14848.2,0.110122
14851.9,0.0887237
14855.8,0.0716913
14860.1,0.0584246
14865.4,0.0465217
14870.7,0.0379856
14877.1,0.030587
14884.3,0.024573
14891.6,0.0202358
14900.7,0.0163425
14909.8,0.0135182
14920.8,0.0110624
14933.5,0.00902359
14948.1,0.00738191
14962.6,0.00620664
14980.8,0.0051542
15001.5,0.00431642
15025.7,0.00362793
15056.1,0.00303952
15088.8,0.00260882
15137.4,0.00219204
15195.6,0.00188121
15256.3,0.00167677
15357.4,0.00146122
15478.8,0.00131631
15640.5,0.00120697
15741.7,0.00117888
15812.5,0.00121556
15842.8,0.0012824
15865.8,0.00140884
15877.3,0.00153663
15888.8,0.00175887
15896.5,0.00201767
15902.2,0.00232758
15907.3,0.00274604
15911.1,0.0032198
15914.6,0.00387776
15917.5,0.00464099
15919.9,0.00557825
15922.0,0.00673486
15923.8,0.00813941
15925.4,0.00992838
15926.8,0.0120942
15928.0,0.0146867
15929.1,0.0177667
15929.9,0.0213003
15930.6,0.0251605
15931.3,0.0300803
15931.8,0.0366108
15932.3,0.0443703
15932.7,0.0541133
15933.0,0.0665765
15933.3,0.0814717
15933.6,0.101865
15933.9,0.129791
15934.2,0.167828
15934.5,0.216393
15934.8,0.280297
15935.1,0.363218
15935.4,0.481119
15935.8,0.647552
15936.1,0.879117
15936.6,1.21891
15937.1,1.71592
15938.1,2.8871
15938.9,3.80559
15939.5,4.26072
15940.0,4.37341
15940.6,4.2143
15941.2,3.7721
15942.1,2.71599
15943.0,1.67249
15943.5,1.17379
15943.9,0.879079
15944.2,0.647518
15944.6,0.481131
15944.9,0.36329
15945.2,0.280375
15945.5,0.216469
15945.8,0.167899
15946.1,0.129843
15946.4,0.101911
15946.7,0.0815107
15947.0,0.066613
15947.3,0.0537159
15947.7,0.0442452
15948.2,0.0366266
15948.7,0.0306359
15949.3,0.0253575
15950.2,0.0206345
15951.2,0.016811
15952.3,0.0138576
15953.7,0.0111657
15955.3,0.00906475
15957.0,0.00745247
15959.0,0.00612456
15961.3,0.00506051
15964.2,0.00416146
15967.0,0.00352472
15970.8,0.00294597
15974.6,0.00254897
15979.9,0.00217753
15985.9,0.00190228
15993.9,0.0016639
16003.9,0.00148244
16018.5,0.00133137
16029.2,0.00126315
16061.2,0.00115283
16103.9,0.00108798
16231.9,0.00101741
16599.3,9.52875E-4
16855.0,9.38065E-4
17091.0,9.55455E-4
17215.4,0.00100804
17282.4,0.00109059
17315.8,0.00117896
17338.8,0.00128749
17357.3,0.0014397
17371.8,0.00163557
17382.6,0.00187464
17391.9,0.00220961
17399.0,0.00260459
17404.7,0.00307904
17409.5,0.00368116
17413.5,0.00439679
17417.1,0.0053318
17420.2,0.00648934
17422.9,0.0079054
17425.2,0.00965883
17427.3,0.0119606
17429.1,0.014736
17430.8,0.0182789
17432.1,0.0223632
17433.3,0.0278102
17434.4,0.0342026
17435.3,0.0420484
17435.9,0.0507633
17436.5,0.0600983
17437.0,0.0735302
17437.4,0.087964
17437.8,0.108829
17438.1,0.136462
17438.5,0.169943
17438.8,0.215391
17439.1,0.276733
17439.4,0.361498
17439.8,0.474245
17440.1,0.621665
17440.4,0.822456
17440.8,1.1072
17441.3,1.5069
17441.8,2.1261
17442.6,3.27096
17443.6,4.76112
17444.3,5.55544
17444.9,5.83697
17445.0,5.84153
17445.6,5.6602
17446.2,5.08144
17447.1,3.7759
17448.1,2.29694
17448.6,1.64143
17449.1,1.20163
17449.5,0.889057
17449.8,0.659851
17450.2,0.503871
17450.5,0.384027
17450.8,0.293599
17451.1,0.231219
17451.5,0.181661
17451.8,0.145113
17452.1,0.118186
17452.5,0.09496
17452.9,0.0785626
17453.3,0.0667186
17453.8,0.0547901
17454.5,0.0450634
17455.3,0.0367386
17456.3,0.0298173
17457.4,0.024614
17458.6,0.0200213
17460.0,0.0165298
17461.6,0.0136507
17463.4,0.0112293
17465.4,0.00931261
17467.9,0.00756238
17470.8,0.00621674
17473.9,0.00520846
17477.0,0.00448926
17481.3,0.0037898
17486.8,0.00321031
17493.3,0.00277987
17501.1,0.00247836
17512.4,0.00226464
17522.7,0.00220169
17534.2,0.00225581
17545.6,0.00241493
17557.7,0.00273357
17567.1,0.00313466
17575.6,0.0036818
17582.8,0.00436974
17589.2,0.00524352
17594.6,0.00631259
17599.5,0.00765069
17603.7,0.00929799
17607.5,0.0113612
17610.7,0.0137618
17613.8,0.0170216
17616.4,0.0209172
17618.7,0.02552
17620.8,0.0313153
17622.6,0.0384433
17624.3,0.0477735
17625.9,0.0598305
17627.3,0.0744846
17628.5,0.0929567
17629.6,0.116082
17630.4,0.140547
17631.0,0.167757
17631.6,0.205893
17632.2,0.25289
17632.7,0.310332
17633.1,0.381116
17633.5,0.476554
17633.9,0.604853
17634.3,0.779181
17634.7,1.01322
17635.2,1.335
17635.6,1.75305
17636.0,2.33246
17636.6,3.25529
17637.5,4.89517
17638.5,7.08721
17639.2,8.0431
17639.9,8.52054
17640.0,8.53156
17640.6,8.28026
17641.2,7.59211
17642.1,5.89574
17643.2,3.5551
17643.8,2.52885
17644.3,1.89201
17644.7,1.45821
17645.1,1.09636
17645.6,0.837665
17646.0,0.645236
17646.4,0.51063
17646.8,0.407586
17647.2,0.32494
17647.7,0.263309
17648.2,0.213739
17648.9,0.174793
17649.5,0.14424
17650.3,0.120202
17651.2,0.098774
17652.3,0.0801442
17653.6,0.0641867
17655.1,0.0513431
17656.7,0.0417255
17658.5,0.0338077
17660.5,0.0277102
17662.8,0.0222783
17665.3,0.0181923
17668.4,0.0146451
17671.8,0.0117728
17675.5,0.00960635
17679.5,0.00795046
17684.0,0.00657155
17689.3,0.00541698
17695.1,0.00452253
17702.5,0.00371667
17709.9,0.00315193
17720.5,0.00260061
17733.0,0.00217496
17746.4,0.00187548
17761.8,0.00164537
17782.3,0.00144642
17809.7,0.0012822
17843.9,0.00116245
17898.6,0.00106087
17980.8,9.94514E-4
18117.6,9.60005E-4
18257.9,9.91003E-4
18326.3,0.00106121
18360.5,0.00113466
18386.2,0.0012448
18403.3,0.00136084
18420.4,0.00156123
18433.2,0.00181717
18441.8,0.00207158
18450.2,0.00245508
18457.5,0.00296526
18463.3,0.00358587
18468.0,0.00430052
18471.9,0.00517164
18475.8,0.00639625
18478.8,0.00773609
18481.7,0.00960463
18484.0,0.0116965
18486.2,0.0144481
18488.2,0.0180204
18489.9,0.0223774
18491.4,0.0278752
18492.7,0.0347303
18493.7,0.042098
18494.6,0.0502749
18495.4,0.0617178
18496.0,0.0743919
18496.6,0.0914358
18497.1,0.111264
18497.5,0.138344
18497.9,0.170554
18498.3,0.215205
18498.6,0.268295
18499.0,0.347521
18499.3,0.450817
18499.7,0.587406
18500.1,0.764814
18500.5,1.02652
18500.9,1.38474
18501.4,1.9304
18502.1,2.7933
18503.5,5.03595
18504.3,5.84586
18505.0,6.11374
18505.0,6.11468
18505.6,5.89945
18506.4,5.15908
18508.3,2.35842
18508.8,1.66386
18509.3,1.22843
18509.7,0.926785
18510.1,0.699344
18510.4,0.542421
18510.8,0.421025
18511.1,0.327435
18511.4,0.259765
18511.8,0.208797
18512.1,0.165935
18512.5,0.134993
18512.9,0.111252
18513.4,0.0914193
18514.0,0.0743749
18514.6,0.0620931
18515.3,0.0519355
18516.3,0.0418796
18517.4,0.0342801
18518.6,0.0277587
18520.1,0.0223655
18521.8,0.0181124
18523.7,0.0146557
18525.9,0.0117918
18528.2,0.00967327
18531.1,0.00780969
18534.4,0.00632479
18538.1,0.0051736
18542.0,0.00430444
18546.7,0.00359193
18552.5,0.00297385
18559.8,0.00246665
18568.2,0.00208662
18578.9,0.00178415
18589.6,0.00158514
18606.7,0.00139241
18632.3,0.00124448
18666.5,0.00116464
18683.6,0.0011562
18708.1,0.00118689
18724.1,0.00124668
18735.8,0.00134432
18745.5,0.00149258
18751.4,0.00164667
18757.2,0.00189475
18762.1,0.00223282
18765.5,0.00259028
18768.3,0.0030441
18771.0,0.00368154
18773.1,0.00443058
18774.9,0.00536478
18776.5,0.00654163
18777.8,0.00801422
18778.9,0.00969326
18779.8,0.0117238
18780.6,0.0142496
18781.0,0.0164528
18781.5,0.0195809
18781.9,0.0234592
18782.2,0.0280032
18782.5,0.0343087
18782.8,0.0431237
18783.1,0.0545147
18783.4,0.0700594
18783.7,0.0911361
18784.0,0.119413
18784.4,0.156869
18784.7,0.208743
18785.0,0.272307
18785.3,0.363649
18785.7,0.493598
18786.1,0.683225
18786.6,0.970927
18787.3,1.42787
18788.6,2.35191
18789.3,2.73517
18789.9,2.88305
18790.0,2.88605
18790.6,2.77926
18791.2,2.48265
18792.2,1.78682
18793.1,1.10886
18793.7,0.771744
18794.1,0.563952
18794.5,0.415384
18794.9,0.30864
18795.2,0.230783
18795.5,0.176293
18795.8,0.134233
18796.1,0.102281
18796.4,0.0783397
18796.7,0.0611489
18797.0,0.0492004
18797.3,0.0401663
18797.6,0.0321929
18797.9,0.0264827
18798.3,0.021779
18798.7,0.0179384
18799.2,0.0153081
18799.8,0.0127398
18800.7,0.0104629
18801.7,0.00860734
18802.9,0.00709771
18804.4,0.00581851
18806.2,0.00473707
18808.1,0.00395855
18810.3,0.00333987
18812.9,0.00282557
18815.9,0.00241583
18820.2,0.00203571
18824.6,0.00178753
18830.4,0.00157444
18837.3,0.00141634
18846.6,0.00129144
18861.5,0.00118284
18885.7,0.00110614
18932.4,0.00105831
18969.8,0.00104824
19100.6,0.0010865
19212.7,0.0011788
19287.4,0.0012764
19362.2,0.0014438
19418.2,0.00165662
19455.6,0.00186903
19488.1,0.00211731
19522.9,0.00252995
19550.6,0.00302411
19571.4,0.00356211
19592.3,0.00433405
19610.5,0.00532528
19626.1,0.00655864
19639.1,0.00802634
19650.0,0.0097431
19660.8,0.012167
19669.5,0.0149065
19677.1,0.0182185
19684.0,0.0223982
19690.9,0.0281602
19696.6,0.0350423
19701.8,0.0438263
19706.2,0.0540353
19710.0,0.0662999
19713.8,0.0833879
19716.8,0.102418
19719.8,0.12886
19722.5,0.162023
19724.7,0.198506
19726.6,0.244395
19728.4,0.303669
19729.9,0.371736
19731.5,0.466384
19732.8,0.580946
19733.8,0.707788
19734.7,0.858648
19735.6,1.06714
19736.5,1.33702
19737.2,1.65989
19737.8,2.0602
19738.5,2.6328
19739.2,3.41237
19739.9,4.45057
19740.6,5.94902
19741.6,8.37476
19743.3,12.913
19744.2,14.63
19745.0,15.1058
19745.7,14.6705
19746.7,12.9919
19749.1,6.596
19749.9,4.92148
19750.6,3.7583
19751.2,2.87817
19751.9,2.2395
19752.6,1.77345
19753.3,1.43764
19754.0,1.17448
19754.9,0.939014
19755.8,0.773565
19756.8,0.628752
19757.9,0.514709
19759.2,0.418716
19760.8,0.337738
19762.5,0.269954
19764.4,0.219934
19766.6,0.175381
19769.2,0.139425
19771.9,0.112502
19774.9,0.0906994
19778.5,0.0723199
19782.3,0.0583911
19786.7,0.046951
19791.2,0.0382669
19796.4,0.031051
19802.3,0.025205
19809.2,0.0202263
19816.4,0.016538
19825.1,0.0133311
19834.8,0.0107795
19845.7,0.00877185
19858.7,0.00708209
19873.4,0.00576091
19889.0,0.00477543
19907.7,0.0039523
19929.0,0.00330531
19955.9,0.00275228
19988.0,0.00231905
20014.7,0.00207327
20053.1,0.00182884
20109.1,0.00161041
20165.2,0.00147461
20239.9,0.00137456
20351.9,0.00131483
20389.3,0.00130595
20501.3,0.00132896
20576.0,0.00137995
20626.9,0.00146912
20654.1,0.00156367
20674.4,0.00167491
20694.7,0.00188754
20707.5,0.00213376
20717.2,0.00245281
20724.6,0.00282645
20730.9,0.0033331
20736.2,0.00399052
20740.4,0.00478694
20744.1,0.00579287
20747.2,0.00708121
20749.9,0.00868037
20752.1,0.0105734
20754.0,0.0128682
20755.6,0.0155308
20757.0,0.0188428
20758.2,0.0226349
20759.3,0.0279367
20760.3,0.0340042
20761.1,0.0410718
20761.6,0.0482262
20762.2,0.0583827
20762.6,0.071325
20763.1,0.0872025
20763.4,0.106644
20763.8,0.131658
20764.1,0.165453
20764.5,0.210955
20764.8,0.275714
20765.2,0.35978
20765.5,0.469822
20765.9,0.629106
20766.3,0.834148
20766.8,1.14869
20767.3,1.59324
20768.0,2.3493
20769.5,4.00178
20770.2,4.64074
20770.9,4.86828
20771.0,4.8699
20771.7,4.67631
20772.4,4.11173
20773.8,2.49353
20774.6,1.69803
20775.1,1.2209
20775.6,0.898097
20776.0,0.664333
20776.4,0.498395
20776.7,0.381871
20777.1,0.292482
20777.4,0.226646
20777.8,0.177177
20778.1,0.140363
20778.5,0.113095
20778.9,0.0904828
20779.3,0.0736533
20779.7,0.0616447
20780.2,0.0518043
20780.8,0.0431607
20781.5,0.0359449
20782.4,0.0296385
20783.4,0.0243067
20784.8,0.0195402
20786.2,0.0161236
20787.9,0.0131291
20789.8,0.0107279
20791.9,0.00882957
20794.3,0.00735946
20797.1,0.00613987
20800.1,0.00517854
20804.2,0.00431211
20809.2,0.00359191
20815.5,0.00302431
20822.7,0.00261055
20830.7,0.0023255
20842.4,0.00206679
20855.3,0.00190035
20876.4,0.00175876
20895.1,0.00169658
20951.4,0.00164662
21045.1,0.00171303
21148.6,0.00187922
21262.9,0.00214015
21362.9,0.00248954
21434.3,0.00285996
21491.4,0.00327102
21527.1,0.00368154
21555.7,0.00417005
21577.1,0.00479474
21590.8,0.0054819
21599.9,0.00622008
21607.9,0.00723279
21613.6,0.00835058
21618.6,0.00983373
21623.0,0.0117574
21626.0,0.013701
21628.9,0.0164075
21631.4,0.0197511
21633.6,0.0239814
21635.4,0.028839
21637.1,0.0349727
21638.5,0.0428743
21639.8,0.0525585
21640.9,0.0648863
21641.8,0.0795138
21642.5,0.0966278
21643.1,0.117351
21643.7,0.144394
21644.1,0.178973
21644.6,0.221355
21645.0,0.28178
21645.4,0.355003
21645.8,0.452415
21646.2,0.582811
21646.6,0.767198
21647.0,1.00629
21647.4,1.33239
21648.0,1.82755
21648.6,2.58243
21650.5,5.01207
21651.2,5.72047
21651.9,6.00031
21652.0,6.00238
21652.7,5.76807
21653.4,5.14851
21654.7,3.51043
21655.6,2.29022
21656.2,1.6383
21656.7,1.22889
21657.1,0.921337
21657.6,0.697142
21658.0,0.540196
21658.4,0.41928
21658.7,0.33496
21659.1,0.261455
21659.6,0.208139
21660.0,0.169458
21660.5,0.136903
21661.0,0.111757
21661.6,0.0940871
21662.4,0.0765819
21663.3,0.0627211
21664.3,0.0520862
21665.5,0.0429953
21666.8,0.0359276
21668.4,0.0300259
21670.2,0.0249558
21672.4,0.0206228
21674.8,0.0173518
21677.3,0.015039
21680.6,0.0128183
21684.7,0.0109602
21688.9,0.00972909
21695.0,0.00858127
21704.0,0.00763687
21713.9,0.00711333
21733.6,0.00678956
21737.2,0.00678596
21773.1,0.00722242
21816.2,0.0084002
21859.3,0.0102272
21893.8,0.0123238
21928.2,0.0152702
21957.0,0.0187306
21982.8,0.0230328
22005.8,0.0283252
22025.9,0.0346383
22045.3,0.0430836
22062.5,0.0535086
22077.6,0.0661307
22090.5,0.0808601
22103.5,0.101074
22114.2,0.124202
22125.0,0.155973
22134.7,0.195632
22143.3,0.244095
22150.9,0.301386
22158.8,0.382813
22165.9,0.483328
22173.5,0.624922
22182.2,0.840875
22195.7,1.21466
22200.0,1.28879
22204.0,1.31287
22207.4,1.29455
22213.2,1.19373
22230.7,0.710767
22238.5,0.544144
22245.7,0.428101
22252.8,0.341474
22260.4,0.273837
22269.0,0.217174
22278.7,0.171343
22289.5,0.135107
22300.2,0.109027
22313.2,0.0864744
22326.1,0.0702062
22341.5,0.0561351
22359.1,0.0447399
22376.3,0.0366496
22397.9,0.0293355
22422.3,0.0234747
22445.3,0.0194667
22474.0,0.0158158
22502.7,0.0131489
22537.2,0.0108189
22577.4,0.00887757
22614.8,0.00758457
22663.6,0.00632774
22721.0,0.00531145
22792.8,0.00447513
22864.7,0.00393817
22950.8,0.00358213
23008.3,0.00349704
23065.7,0.00356823
23108.8,0.00381631
23137.5,0.00413375
23159.1,0.00458213
23177.0,0.00518899
23194.1,0.00615144
23204.9,0.00712542
23214.3,0.00841432
23222.4,0.0100522
23229.1,0.0120323
23234.5,0.0143257
23239.3,0.0172126
23243.6,0.0208711
23247.4,0.0252635
23251.0,0.0312151
23253.9,0.0381617
23256.5,0.046539
23258.9,0.0575205
23261.1,0.0710808
23262.8,0.0863531
23264.4,0.106892
23265.8,0.130382
23267.0,0.157932
23268.1,0.194556
23269.0,0.234482
23269.9,0.289542
23270.5,0.346864
23271.2,0.42711
23271.7,0.529649
23272.2,0.641413
23272.7,0.803793
23273.2,1.02558
23273.6,1.28531
23274.1,1.65609
23274.6,2.13772
23275.1,2.87848
23275.7,3.93124
23276.5,5.53939
23278.3,9.98307
23279.1,11.3478
23279.9,11.9098
23280.0,11.9155
23280.8,11.4798
23281.6,10.0645
23283.8,4.76782
23284.5,3.4321
23285.1,2.60971
23285.6,1.96366
23286.1,1.5092
23286.5,1.1769
23287.0,0.915201
23287.5,0.739597
23288.0,0.589568
23288.5,0.487936
23289.1,0.395549
23289.6,0.329263
23290.3,0.275983
23291.2,0.224107
23292.2,0.180804
23293.4,0.14791
23294.8,0.119555
23296.2,0.0979776
23297.9,0.0800989
23300.0,0.0640425
23302.2,0.0521739
23304.8,0.0420101
23307.5,0.034639
23310.7,0.0282946
23313.9,0.0237034
23317.7,0.0197209
23322.3,0.0163447
23327.3,0.0136947
23333.4,0.0114256
23340.7,0.0095673
23348.6,0.00820242
23360.7,0.00686018
23373.5,0.00598505
23384.4,0.00551315
23399.0,0.0050546
23418.5,0.0047023
23447.7,0.0044612
23476.9,0.00439415
23535.3,0.00457863
23593.6,0.0050607
23652.0,0.00580552
23706.5,0.00686223
23753.2,0.00816214
23799.9,0.0100244
23838.8,0.0122573
23873.9,0.0150813
23905.0,0.018603
23934.2,0.0233014
23957.6,0.0285644
23980.4,0.0357185
23999.9,0.0442421
24016.9,0.0544914
24031.5,0.0663919
24045.9,0.0822761
24059.2,0.10263
24071.9,0.129291
24082.8,0.160923
24093.8,0.204224
24103.5,0.256585
24113.1,0.325859
24123.6,0.424502
24144.8,0.674717
24152.6,0.7367
24157.9,0.750597
24164.2,0.731958
24172.0,0.665453
24194.0,0.406806
24204.2,0.313735
24213.9,0.246764
24223.7,0.196785
24234.6,0.155414
24245.6,0.12513
24257.7,0.100406
24269.9,0.0821406
24284.5,0.0659948
24301.5,0.0524643
24318.5,0.0426964
24338.0,0.0345593
24361.4,0.0275989
24381.8,0.0231598
24405.1,0.0193923
24430.4,0.0165225
24453.8,0.0148385
24465.5,0.0145604
24475.2,0.0150269
24482.5,0.016223
24486.4,0.0175699
24490.0,0.0196857
24493.0,0.0225324
24495.2,0.0258959
24497.2,0.0308076
24498.8,0.036352
24500.0,0.0429149
24501.0,0.0515487
24501.8,0.0609503
24502.4,0.072186
24503.0,0.0865709
24503.5,0.104283
24503.9,0.129547
24504.3,0.158859
24504.7,0.196705
24505.1,0.247022
24505.4,0.313408
24505.8,0.399868
24506.2,0.526617
24506.6,0.690766
24507.1,0.923895
24507.7,1.28147
24508.4,1.83344
24510.4,3.7836
24511.1,4.31661
24511.9,4.54287
24512.0,4.54565
24512.8,4.36432
24513.6,3.816
24515.7,1.77243
24516.3,1.26232
24516.9,0.915898
24517.4,0.689531
24517.8,0.513664
24518.2,0.387108
24518.6,0.300269
24519.0,0.234488
24519.4,0.185278
24519.8,0.150745
24520.2,0.120384
24520.7,0.0987437
24521.2,0.0810321
24521.8,0.0672234
24522.4,0.0566726
24523.3,0.0472308
24524.4,0.0393813
24525.6,0.0334028
24527.3,0.0276989
24529.4,0.0231692
24531.7,0.0197264
24534.6,0.0168789
24538.5,0.0144516
24543.9,0.01241
24551.4,0.0107306
24562.0,0.00936072
24576.8,0.00826132
24595.7,0.00732653
24626.9,0.0063244
24664.3,0.00544385
24722.4,0.00449632
24788.9,0.0037579
24855.4,0.00321835
24921.9,0.00281855
25005.0,0.00245153
25126.9,0.00207902
25237.7,0.00185194
25393.4,0.00164326
25547.9,0.0015329
25614.4,0.00151923
25680.9,0.00154317
25736.3,0.00163244
25769.6,0.00176461
25797.3,0.00200531
25813.9,0.00228299
25826.2,0.0026359
25835.8,0.00308102
25843.6,0.00363716
25850.2,0.00436473
25855.9,0.00530607
25860.4,0.00642681
25864.4,0.00787959
25867.6,0.00952964
25870.6,0.0116762
25872.9,0.0140794
25875.2,0.0174516
25877.1,0.0211231
25878.9,0.0262669
25880.4,0.0322529
25881.7,0.039999
25882.8,0.0489267
25883.8,0.060248
25884.6,0.0740958
25885.2,0.0893084
25885.8,0.109929
25886.4,0.136184
25886.8,0.168261
25887.2,0.21058
25887.7,0.268103
25888.1,0.345807
25888.6,0.449474
25889.0,0.58214
25889.5,0.769388
25889.9,1.0079
25890.5,1.3947
25891.3,1.98878
25893.2,3.91232
25894.1,4.54471
25894.9,4.77395
25895.0,4.77872
25895.8,4.60704
25896.5,4.17106
25897.6,3.08305
25898.8,1.9305
25899.5,1.35723
25900.1,0.993189
25900.6,0.757723
25901.0,0.573157
25901.5,0.43911
25901.9,0.337355
25902.4,0.261362
25902.8,0.205267
25903.3,0.163087
25903.7,0.132422
25904.2,0.107281
25904.8,0.0893417
25905.4,0.0741231
25906.2,0.0602699
25907.2,0.0489447
25908.3,0.0400143
25909.6,0.0322658
25911.1,0.026278
25912.9,0.0211325
25914.8,0.0174596
25917.0,0.0141645
25919.6,0.011513
25922.7,0.00933778
25925.9,0.00774307
25929.4,0.00648697
25933.7,0.00540108
25938.7,0.00451938
25945.0,0.0037686
25952.5,0.00318066
25961.4,0.00272359
25971.9,0.0023837
25986.3,0.00208809
26005.9,0.00185575
26029.6,0.00170877
26053.3,0.00161484
26100.6,0.00152957
26179.5,0.00148713
26337.3,0.001539
26495.1,0.00168929
26637.1,0.00193172
26763.3,0.0022821
26858.0,0.00268541
26936.9,0.00317055
27000.0,0.00371697
27063.1,0.00448077
27118.3,0.00543039
27165.6,0.00657196
27205.1,0.00787677
27244.5,0.00969457
27280.0,0.0119921
27311.6,0.0148828
27339.2,0.0184593
27361.3,0.022327
27382.6,0.0274716
27401.5,0.0337821
27418.1,0.0413443
27434.7,0.0518426
27448.9,0.0644647
27460.7,0.0788761
27472.5,0.0987779
27482.9,0.12319
27492.7,0.155451
27500.5,0.191765
27507.6,0.236371
27514.2,0.2921
27520.0,0.359898
27525.6,0.449566
27530.9,0.567456
27535.7,0.712523
27540.0,0.894307
27543.9,1.11728
27548.1,1.43242
27552.4,1.87517
27558.4,2.6631
27562.6,3.22411
27565.8,3.49425
27568.0,3.55433
27570.8,3.45495
27575.0,3.01945
27583.1,1.93146
27587.3,1.484
27591.3,1.16895
27595.6,0.911318
27600.0,0.725878
27604.5,0.581177
27609.4,0.469029
27614.7,0.377987
27621.0,0.301375
27627.9,0.240368
27635.0,0.194983
27643.4,0.155837
27653.2,0.123958
27662.7,0.101684
27672.1,0.085127
27685.9,0.0678124
27699.0,0.0563003
27715.5,0.046133
27732.1,0.0394076
27746.3,0.0357042
27760.5,0.0336855
27770.0,0.0333192
27784.2,0.0346904
27794.4,0.037751
27802.6,0.0422253
27809.4,0.048059
27816.1,0.0568894
27821.5,0.067638
27826.2,0.0817273
27830.4,0.0997477
27833.9,0.122002
27837.2,0.1513
27839.9,0.185339
27842.4,0.23129
27844.5,0.284311
27846.3,0.348858
27847.9,0.428759
27849.5,0.534418
27850.8,0.661762
27852.0,0.811242
27853.0,1.00235
27854.1,1.25008
27855.2,1.59814
27856.2,2.05194
27857.5,2.76231
27860.6,4.93006
27861.8,5.51032
27863.0,5.74095
27864.2,5.50965
27865.4,4.92887
27868.6,2.69489
27869.8,2.05064
27870.9,1.56552
27872.0,1.237
27873.0,0.992078
27874.2,0.787401
27875.3,0.643473
27876.7,0.520465
27878.3,0.415648
27880.0,0.332606
27881.9,0.270365
27884.0,0.220172
27886.5,0.176896
27889.0,0.145245
27892.0,0.118414
27895.4,0.096376
27899.5,0.0776466
27903.4,0.0646298
27908.2,0.0530773
27913.9,0.0435204
27920.2,0.0358481
27927.7,0.0295336
27935.9,0.0245757
27946.1,0.0203085
27958.8,0.0166732
27971.5,0.0141679
27989.3,0.0117639
28007.1,0.010142
28027.5,0.0089052
28042.8,0.00831219
28063.1,0.00798623
28077.9,0.00828989
28086.8,0.00889866
28093.3,0.00970693
28098.6,0.0108238
28104.0,0.012668
28107.9,0.0148217
28111.3,0.0176251
28114.0,0.0210467
28116.6,0.0256651
28118.4,0.0304024
28120.2,0.0371107
28121.6,0.0447657
28123.0,0.0551326
28124.0,0.0660483
28124.8,0.078213
28125.6,0.095558
28126.1,0.113557
28126.7,0.135102
28127.2,0.16453
28127.7,0.205212
28128.1,0.255574
28128.6,0.320508
28129.0,0.406128
28129.5,0.533676
28130.0,0.68383
28130.6,0.921633
28131.1,1.23494
28131.8,1.7151
28133.0,2.65323
28134.2,3.69652
28135.1,4.2694
28136.0,4.47022
28136.0,4.47082
28136.8,4.30922
28137.7,3.81528
28139.2,2.46827
28140.2,1.66692
28140.9,1.18684
28141.5,0.876139
28142.0,0.677742
28142.5,0.521983
28143.0,0.404192
28143.4,0.315683
28143.9,0.249412
28144.4,0.197688
28144.9,0.161072
28145.4,0.130236
28146.1,0.105623
28146.7,0.0883392
28147.5,0.073731
28148.5,0.0603393
28149.7,0.0492658
28151.0,0.0404894
28152.7,0.0329062
28154.6,0.0271027
28156.8,0.0221721
28159.5,0.0180751
28162.4,0.0150884
28165.8,0.0126623
28169.9,0.0106078
28174.7,0.00900623
28180.8,0.00765609
28187.2,0.00669916
28197.4,0.00570396
28210.2,0.00493825
28225.7,0.00435366
28246.4,0.00386927
28268.5,0.00348274
28301.2,0.00309349
28353.4,0.00267437
28418.8,0.0023154
28497.2,0.00201404
28601.7,0.00175857
28707.8,0.00162512
28734.8,0.00161692
28788.7,0.00166526
28822.4,0.00179417
28842.6,0.00197009
28857.7,0.00222007
28867.6,0.00250339
28874.8,0.00282541
28880.9,0.00323644
28886.0,0.0037614
28890.7,0.00449374
28894.6,0.00543109
28897.5,0.00645128
28900.0,0.00769931
28902.1,0.00920093
28904.1,0.0112683
28905.8,0.0138501
28907.3,0.0169786
28908.3,0.0201524
28909.3,0.0245435
28909.9,0.0287888
28910.6,0.0349308
28911.1,0.0415846
28911.6,0.0510167
28912.0,0.0620019
28912.4,0.0779148
28912.8,0.0964171
28913.2,0.120889
28913.6,0.153019
28913.9,0.19747
28914.4,0.258825
28914.8,0.338433
28915.2,0.454059
28915.7,0.61624
28916.3,0.845177
28917.0,1.1879
28918.0,1.84275
28919.4,2.69258
28920.2,3.03075
28921.0,3.14957
28921.7,3.0493
28922.5,2.75162
28923.6,2.06003
28924.9,1.2632
28925.6,0.885249
28926.2,0.635943
28926.7,0.474963
28927.1,0.357042
28927.6,0.273398
28928.0,0.2101
28928.4,0.160582
28928.8,0.123517
28929.2,0.0961128
28929.6,0.0760243
28930.0,0.0607386
28930.5,0.0497345
28931.0,0.0406405
28931.6,0.0334979
28932.2,0.0282377
28933.0,0.0234568
28934.0,0.0194382
28935.1,0.0164163
28936.6,0.0136491
28938.3,0.0113478
28940.5,0.00941604
28942.9,0.00793666
28945.4,0.00694268
28949.1,0.00599826
28952.5,0.00548021
28957.7,0.00509899
28961.1,0.00502665
28967.8,0.00522245
28974.4,0.00585885
28978.9,0.00660076
28983.7,0.00782409
28987.8,0.00941285
28991.1,0.0112907
28994.1,0.0136871
28996.7,0.0165787
28999.1,0.0203828
29001.2,0.0251095
29003.0,0.0309862
29004.6,0.0378962
29006.0,0.0464912
29007.2,0.0571235
29008.2,0.0701823
29008.9,0.0837024
29009.7,0.102078
29010.3,0.125836
29010.8,0.15009
29011.3,0.186977
29011.8,0.231861
29012.3,0.292241
29012.8,0.377961
29013.3,0.495128
29013.8,0.649916
29014.4,0.864609
29015.0,1.17541
29015.7,1.62222
29016.8,2.45977
29018.2,3.5823
29019.1,4.12329
29019.9,4.3211
29020.0,4.32242
29020.8,4.16917
29021.7,3.67867
29023.4,2.29543
29024.4,1.55059
29025.1,1.12278
29025.7,0.849461
29026.2,0.649876
29026.7,0.495077
29027.2,0.384719
29027.6,0.303655
29028.1,0.236509
29028.6,0.187607
29029.2,0.150522
29029.7,0.123745
29030.3,0.101732
29031.0,0.0858185
29031.8,0.0700653
29032.8,0.0569902
29033.9,0.0473143
29035.2,0.0388895
29036.7,0.0317976
29038.3,0.026213
29040.4,0.0210627
29042.6,0.0172563
29045.3,0.0138696
29048.4,0.0112086
29052.0,0.00904907
29055.6,0.00752419
29060.4,0.00609879
29065.2,0.00510781
29070.7,0.00430395
29077.9,0.0035723
29085.8,0.00302888
29094.0,0.00263564
29104.9,0.0022746
29115.9,0.00202745
29132.7,0.00177851
29156.0,0.00156822
29185.0,0.00141121
29220.0,0.00129895
29266.5,0.00121692
29339.9,0.00116495
29366.7,0.00115758
29427.1,0.00118726
29474.1,0.00127211
29507.6,0.00141081
29527.8,0.00155907
29546.7,0.00179131
29561.3,0.00208378
29572.4,0.00242468
29582.1,0.00286995
29590.4,0.00343711
29597.3,0.00412518
29603.6,0.0050396
29609.1,0.0062117
29613.5,0.00752771
29617.6,0.00930788
29621.0,0.0113409
29624.1,0.0140197
29626.8,0.0171174
29629.2,0.0211023
29631.2,0.0258574
29633.2,0.0322051
29635.0,0.0400868
29636.4,0.0492766
29637.6,0.0598291
29638.7,0.0733608
29639.5,0.0890153
29640.3,0.10731
29641.0,0.131757
29641.6,0.163692
29642.2,0.204249
29642.7,0.253779
29643.2,0.312619
29643.7,0.405591
29644.3,0.530993
29644.8,0.679882
29645.3,0.893368
29646.0,1.22162
29646.7,1.69908
29648.0,2.71104
29649.3,3.68255
29650.3,4.14404
29651.0,4.25312
29651.8,4.1263
29652.5,3.77928
29653.7,2.9258
29655.2,1.75421
29656.0,1.24368
29656.6,0.928246
29657.1,0.714194
29657.7,0.549697
29658.2,0.419614
29658.7,0.330585
29659.2,0.263433
29659.7,0.209699
29660.3,0.166695
29660.9,0.137312
29661.6,0.110891
29662.4,0.0902923
29663.3,0.0742679
29664.2,0.0619719
29665.4,0.0508239
29666.8,0.0414721
29668.5,0.0331773
29670.5,0.0265394
29672.5,0.0216924
29674.9,0.0176068
29677.7,0.0141652
29680.8,0.0114755
29684.4,0.00929741
29688.5,0.00751407
29692.9,0.00619494
29698.4,0.00501906
29704.7,0.0041005
29711.8,0.00339162
29718.9,0.00289301
29728.8,0.00241508
29741.7,0.00201194
29756.1,0.00172289
29774.1,0.00149407
29792.6,0.00134311
29820.0,0.00120174
29856.7,0.00109238
29902.5,0.00101281
29994.1,9.32655E-4
30140.6,8.84117E-4
30433.7,8.51987E-4
30800.1,8.72322E-4
31091.0,9.34466E-4
31254.8,0.00101553
31324.1,0.00109662
31357.1,0.00117847
31384.3,0.00131515
31399.7,0.00146633
31409.8,0.00163282
31417.3,0.00182717
31424.9,0.002125
31429.9,0.00242865
31434.9,0.00287097
31439.2,0.003444
31442.6,0.00413049
31445.6,0.0050221
31448.2,0.00614267
31450.4,0.00752778
31452.3,0.00928917
31453.8,0.0111805
31455.0,0.0132958
31456.2,0.0163101
31457.0,0.0195644
31457.7,0.0229472
31458.3,0.0278113
31458.8,0.0340591
31459.3,0.0421131
31459.7,0.0515366
31460.2,0.0643703
31460.6,0.0818195
31461.0,0.105414
31461.4,0.13446
31461.8,0.173236
31462.2,0.230357
31462.7,0.304816
31463.1,0.399797
31463.6,0.526802
31464.1,0.718746
31464.8,1.0155
31466.0,1.62392
31467.3,2.2598
31468.2,2.55562
31469.0,2.66282
31469.0,2.66283
31469.8,2.57052
31470.6,2.31302
31471.8,1.69144
31473.1,1.03174
31473.8,0.731972
31474.4,0.526763
31474.9,0.399787
31475.4,0.295601
31475.8,0.223226
31476.3,0.167855
31476.7,0.13032
31477.1,0.102887
31477.5,0.0799516
31477.9,0.0630013
31478.3,0.0505401
31478.8,0.040291
31479.2,0.0334246
31479.7,0.027561
31480.4,0.0228452
31481.1,0.0191491
31481.8,0.0163313
31483.0,0.0133186
31484.4,0.0108549
31486.0,0.00894778
31487.9,0.007345
31490.1,0.00604119
31492.4,0.00506647
31495.4,0.00418041
31498.9,0.00347392
31502.6,0.00297096
31507.9,0.00249397
31513.1,0.00218458
31520.8,0.00188769
31529.2,0.00168826
31537.6,0.0015617
31554.4,0.00141691
31582.4,0.00131389
31627.2,0.00127208
31716.8,0.00131271
31851.3,0.00147835
31985.7,0.0017531
32075.3,0.00202701
32164.9,0.00241866
32243.3,0.00291897
32310.5,0.00353621
32366.5,0.00426106
32411.3,0.00505996
32456.1,0.00615554
32495.4,0.00749328
32534.6,0.00935897
32568.2,0.0116499
32598.4,0.0145889
32621.9,0.0177673
32645.5,0.0221721
32665.6,0.027443
32684.1,0.0341571
32700.9,0.042687
32714.9,0.0525579
32728.9,0.066271
32740.1,0.0815254
32750.5,0.100803
32760.5,0.126796
32768.7,0.155534
32777.1,0.196453
32784.4,0.246271
32791.4,0.311339
32797.2,0.386743
32803.1,0.488503
32808.7,0.619088
32814.4,0.79544
32821.8,1.08904
32830.5,1.44916
32833.9,1.53426
32837.0,1.56189
32839.7,1.54117
32844.2,1.42576
32858.5,0.832495
32864.6,0.637255
32870.2,0.502018
32875.8,0.400938
32882.1,0.317103
32888.8,0.252112
32896.4,0.19938
32904.2,0.159923
32913.2,0.127346
32922.7,0.102383
32932.8,0.0830986
32944.0,0.0673941
32957.8,0.0534441
32970.9,0.0439268
32987.7,0.0350129
33007.3,0.0277042
33027.4,0.022359
33050.9,0.0179082
33077.8,0.0143209
33108.1,0.0114877
33141.7,0.00927923
33178.6,0.00758168
33217.9,0.00629405
33262.7,0.00527794
33307.5,0.0046098
33341.1,0.00432933
33363.5,0.00425872
33385.9,0.00438162
33402.7,0.0047136
33413.9,0.00516318
33422.3,0.00568927
33430.7,0.00657809
33437.3,0.0077092
33443.0,0.00920074
33447.6,0.0110782
33451.3,0.0132484
33454.4,0.0158386
33457.1,0.0190701
33459.7,0.0235027
33461.8,0.0286964
33463.7,0.0351082
33465.3,0.0428534
33466.6,0.0523047
33467.7,0.062404
33468.7,0.0766414
33469.6,0.0935294
33470.4,0.114149
33471.0,0.140451
33471.7,0.176508
33472.2,0.220996
33472.8,0.28185
33473.4,0.364526
33473.9,0.472901
33474.5,0.620566
33475.1,0.829741
33475.8,1.12393
33476.7,1.55697
33479.0,2.97967
33479.9,3.39164
33480.7,3.592
33481.0,3.60273
33481.8,3.49413
33482.6,3.19717
33483.9,2.46842
33485.5,1.47282
33486.3,1.04145
33487.0,0.776021
33487.6,0.596534
33488.1,0.459038
33488.7,0.350617
33489.2,0.276624
33489.8,0.220944
33490.3,0.176448
33491.0,0.140879
33491.7,0.113371
33492.4,0.0924578
33493.2,0.0775798
33494.1,0.0642295
33495.4,0.0521728
33496.8,0.042099
33498.5,0.0340862
33500.4,0.0277514
33502.7,0.0225538
33505.1,0.0185408
33508.0,0.015116
33511.0,0.012692
33514.8,0.0104826
33519.2,0.00870491
33524.6,0.00723986
33531.3,0.0060406
33539.5,0.0050825
33549.9,0.00432142
33561.5,0.0037811
33575.2,0.00337163
33593.4,0.00302948
33620.6,0.00273576
33657.6,0.00251585
33714.6,0.00240184
33763.5,0.00247818
33800.2,0.00268082
33822.3,0.00292889
33840.3,0.00326477
33855.3,0.00371294
33867.2,0.00427306
33877.2,0.00497672
33885.5,0.00585256
33892.4,0.00692783
33898.8,0.00840929
33903.7,0.0100217
33908.2,0.0121515
33912.2,0.0148992
33915.7,0.0183452
33918.5,0.0222656
33921.2,0.0275829
33923.5,0.0340298
33925.6,0.0420123
33927.2,0.0509008
33928.8,0.0633853
33930.0,0.0764247
33931.1,0.0932126
33932.0,0.112978
33932.8,0.138232
33933.6,0.169666
33934.2,0.208883
33934.8,0.25586
33935.4,0.320784
33935.9,0.408789
33936.5,0.52705
33937.1,0.683448
33937.7,0.913647
33938.4,1.23457
33939.2,1.71157
33940.4,2.57276
33941.9,3.75879
33942.9,4.28382
33943.8,4.52486
33944.0,4.53657
33944.9,4.36627
33946.0,3.80532
33948.6,1.85107
33949.4,1.35315
33950.1,0.991441
33950.7,0.750708
33951.3,0.566738
33951.9,0.436418
33952.4,0.349564
33953.0,0.277084
33953.6,0.223738
33954.2,0.183002
33954.9,0.14672
33955.7,0.121217
33956.4,0.102393
33957.4,0.0856545
33958.5,0.0705676
33960.0,0.0572128
33961.7,0.0460104
33963.7,0.0369258
33966.0,0.0297197
33968.4,0.0243967
33971.2,0.0200701
33974.4,0.0165123
33977.9,0.0138167
33982.0,0.0115357
33986.9,0.00970065
33992.1,0.00833824
33998.5,0.00722087
34006.2,0.00636744
34015.2,0.00573119
34028.1,0.00526786
34043.2,0.00511995
34062.6,0.00533339
34081.9,0.00593521
34100.2,0.00692154
34116.3,0.008266
34129.7,0.00992541
34140.5,0.0117901
34151.2,0.0143901
34160.4,0.0174861
34169.0,0.0215598
34176.5,0.0265553
34182.9,0.0324444
34188.6,0.0395105
34193.9,0.0486693
34198.4,0.0593061
34202.9,0.0739856
34206.7,0.0909431
34210.0,0.111438
34213.1,0.136646
34215.8,0.168742
34218.4,0.209756
34220.6,0.25807
34222.8,0.323476
34224.7,0.403618
34226.4,0.506002
34227.9,0.630428
34229.2,0.782317
34230.5,0.984547
34231.9,1.27201
34233.2,1.63401
34234.8,2.2038
34238.4,3.80734
34240.0,4.2469
34241.0,4.3383
34242.4,4.17715
34243.8,3.73218
34247.6,2.04239
34249.1,1.53401
34250.5,1.18379
34251.8,0.9335
34253.0,0.74808
34254.5,0.590702
34256.1,0.477087
34257.7,0.386653
34259.6,0.309458
34261.8,0.246776
34264.2,0.198662
34266.8,0.160386
34269.8,0.128607
34273.0,0.104091
34276.8,0.0834644
34280.6,0.0684612
34285.1,0.0553078
34290.2,0.0445003
34295.4,0.0365642
34301.8,0.0295083
34308.7,0.0240252
34316.2,0.0196489
34325.4,0.0158298
34334.8,0.013006
34344.2,0.0109183
34357.6,0.00876482
34371.1,0.0072418
34387.2,0.00594278
34406.6,0.00484697
34429.1,0.00396775
34451.7,0.00335315
34477.5,0.00285175
34509.8,0.00241306
34550.6,0.0020385
34602.2,0.001729
34653.8,0.00152424
34735.5,0.001317
34843.0,0.00115529
34973.2,0.00104759
35157.4,9.56493E-4
35403.1,9.03614E-4
35648.7,8.88619E-4
36028.3,9.20228E-4
36229.2,9.80357E-4
36363.2,0.00105312
36467.7,0.00117273
36533.4,0.00132034
36575.6,0.00148611
36610.7,0.00171481
36635.4,0.0019684
36655.9,0.00228664
36673.5,0.00269535
36688.1,0.00319832
36699.9,0.00377651
36711.6,0.00461224
36721.0,0.00557882
36729.2,0.00677995
36736.5,0.00830569
36742.7,0.0101077
36748.1,0.0123121
36753.2,0.0152292
36757.6,0.018763
36761.6,0.0232033
36765.3,0.0290499
36768.2,0.0353338
36771.0,0.0438338
36773.5,0.0542157
36775.6,0.0665209
36777.5,0.0815461
36779.1,0.0995586
36780.7,0.123135
36782.1,0.153909
36783.3,0.191303
36784.5,0.239781
36785.4,0.297819
36786.3,0.369753
36787.2,0.472476
36788.1,0.606886
36789.1,0.790448
36790.1,1.06303
36791.5,1.52235
36793.7,2.27568
36794.7,2.54488
36795.7,2.66336
36796.0,2.66852
36797.1,2.58178
36798.2,2.30022
36801.5,1.17763
36802.6,0.877246
36803.5,0.673835
36804.4,0.516538
36805.3,0.413082
36806.1,0.332318
36807.0,0.270053
36807.9,0.222188
36809.0,0.181232
36810.2,0.146744
36811.6,0.118586
36813.2,0.0959499
36815.1,0.0768626
36817.1,0.0620132
36819.4,0.0498871
36821.9,0.040712
36824.7,0.0331009
36827.7,0.027212
36831.4,0.021952
36835.3,0.0179762
36840.0,0.0145103
36844.7,0.0120122
36850.8,0.00966738
36857.0,0.00800349
36864.0,0.00663215
36872.2,0.00549453
36881.6,0.00457386
36893.3,0.00377682
36908.0,0.00311382
36922.6,0.00266991
36940.2,0.002308
36960.1,0.00203425
36988.3,0.00178576
37030.5,0.00157549
37086.8,0.00143798
37161.8,0.00136497
37233.4,0.00134971
37394.6,0.00141709
37496.0,0.00152065
37543.8,0.00161898
37583.7,0.00177608
37606.1,0.00194445
37620.0,0.00211979
37632.8,0.00237599
37641.9,0.00266948
37650.0,0.0030735
37656.8,0.00359715
37662.1,0.00423638
37666.9,0.00507586
37670.9,0.00615794
37674.2,0.00744291
37676.7,0.00889691
37679.1,0.0107489
37681.2,0.0131829
37683.0,0.0161848
37684.6,0.019947
37685.9,0.0243714
37687.0,0.0296189
37687.7,0.0349235
37688.4,0.0425024
37689.1,0.052157
37689.6,0.0639228
37690.1,0.0793731
37690.6,0.0993015
37691.1,0.126311
37691.6,0.162658
37692.1,0.209633
37692.6,0.27711
37693.1,0.365244
37693.7,0.485128
37694.3,0.650743
37695.0,0.901334
37696.0,1.32234
37697.9,2.23136
37699.0,2.60236
37699.9,2.73016
37700.0,2.73135
37700.9,2.62517
37702.0,2.29251
37704.6,1.06482
37705.4,0.750057
37706.1,0.548128
37706.7,0.403273
37707.2,0.301717
37707.7,0.231365
37708.2,0.179275
37708.7,0.138759
37709.2,0.108535
37709.7,0.0861864
37710.2,0.0692875
37710.7,0.0563117
37711.3,0.045807
37711.9,0.0383903
37712.7,0.0320894
37713.5,0.0269335
37714.6,0.0224143
37716.0,0.0183695
37717.5,0.0152087
37719.4,0.0125151
37721.4,0.0103537
37724.0,0.00848532
37727.0,0.00698721
37730.5,0.00579837
37734.8,0.00481936
37739.8,0.00406178
37746.2,0.00343739
37752.7,0.00303424
37762.1,0.00265875
37775.1,0.00236628
37792.4,0.00216368
37816.5,0.00203774
37856.5,0.00196655
37872.5,0.00195953
37968.6,0.00204741
38099.3,0.00231331
38199.3,0.00258262
38332.6,0.00306743
38449.2,0.00370085
38515.9,0.00422694
38578.1,0.0049073
38616.9,0.00564004
38639.3,0.00635916
38656.1,0.00726938
38666.9,0.00822015
38674.5,0.00925743
38682.2,0.0108595
38688.0,0.0127694
38692.9,0.0152899
38696.9,0.0184039
38700.0,0.0219069
38702.6,0.0260727
38704.9,0.0314007
38706.8,0.0376868
38708.4,0.0449915
38709.8,0.0544126
38711.0,0.0647473
38712.1,0.0795064
38713.1,0.0972647
38713.9,0.119038
38714.6,0.146418
38715.2,0.179463
38715.8,0.225446
38716.5,0.288167
38717.1,0.372829
38717.8,0.485103
38718.5,0.650342
38719.3,0.888445
38720.2,1.26047
38723.0,2.50784
38724.0,2.83473
38725.0,2.94744
38726.0,2.8391
38727.0,2.5077
38730.0,1.17538
38730.9,0.837804
38731.6,0.624152
38732.2,0.48535
38732.9,0.373111
38733.5,0.288477
38734.2,0.225777
38734.8,0.179813
38735.4,0.147361
38736.2,0.118199
38736.9,0.0976723
38737.9,0.0799405
38739.0,0.0652152
38740.3,0.0539591
38741.6,0.0455393
38743.2,0.0382853
38745.5,0.0312099
38747.9,0.025868
38751.0,0.0214423
38754.6,0.0180276
38758.9,0.0153307
38763.2,0.0135529
38769.8,0.0118594
38777.0,0.0107452
38787.2,0.00990713
38800.5,0.00947157
38808.6,0.00941213
38827.1,0.00967421
38845.1,0.0104381
38859.8,0.0116365
38870.6,0.0132244
38878.8,0.0152599
38884.9,0.0177941
38889.3,0.0206081
38893.4,0.0245002
38896.7,0.0294594
38899.0,0.0346675
38901.4,0.0420491
38903.2,0.0503351
38904.6,0.0601508
38905.9,0.0717622
38907.0,0.0861073
38908.0,0.104717
38908.7,0.125241
38909.4,0.152794
38910.2,0.191626
38910.8,0.239644
38911.4,0.298816
38912.1,0.384881
38912.7,0.499018
38913.4,0.660753
38914.2,0.884895
38915.1,1.22786
38917.9,2.48754
38919.0,2.80446
38920.0,2.92308
38920.0,2.92308
38920.9,2.8252
38922.0,2.50821
38923.9,1.64661
38925.2,1.10644
38926.1,0.807325
38926.8,0.600362
38927.5,0.464512
38928.1,0.357643
38928.8,0.277853
38929.4,0.219195
38930.0,0.178883
38930.8,0.143283
38931.6,0.118132
38932.3,0.099978
38933.2,0.0848567
38934.2,0.0717705
38935.5,0.0601639
38937.0,0.050396
38939.0,0.0418033
38941.2,0.0354095
38943.7,0.0301387
38946.8,0.0259187
38951.1,0.0220443
38956.3,0.0192209
38962.8,0.017169
38970.7,0.0158328
38983.4,0.014852
39000.2,0.0145936
39025.5,0.015135
39067.7,0.0171747
39114.1,0.0206422
39158.3,0.0253625
39196.3,0.0309668
39234.2,0.0387265
39265.8,0.0476622
39295.9,0.0592608
39322.8,0.0734957
39349.1,0.0927109
39371.2,0.114745
39393.4,0.144498
39415.5,0.184916
39436.6,0.236455
39460.2,0.311204
39495.2,0.435235
39507.8,0.467039
39522.8,0.481795
39534.8,0.472402
39551.7,0.431827
39601.4,0.258828
39624.2,0.19819
39646.3,0.154293
39668.4,0.122064
39690.6,0.0983335
39715.9,0.0785524
39738.0,0.0658434
39763.3,0.0552643
39782.3,0.0498503
39794.9,0.047787
39801.2,0.0474925
39810.7,0.0486188
39817.0,0.0514718
39821.8,0.0559116
39825.7,0.0624081
39829.2,0.0720335
39831.8,0.0843615
39833.9,0.100108
39835.5,0.118255
39836.8,0.14085
39837.9,0.167302
39838.8,0.200409
39839.7,0.24595
39840.5,0.305741
39841.2,0.379821
39842.0,0.475658
39842.7,0.598834
39843.5,0.790986
39844.4,1.0456
39845.7,1.53389
39847.7,2.30646
39848.8,2.60229
39849.9,2.72505
39850.0,2.72538
39850.9,2.65494
39852.1,2.36918
39854.0,1.63989
39855.4,1.09717
39856.4,0.812329
39857.3,0.608955
39858.0,0.477691
39858.7,0.384771
39859.4,0.313724
39860.2,0.252047
39861.0,0.203887
39861.9,0.169784
39863.0,0.14055
39864.3,0.115433
39866.0,0.0954722
39867.8,0.0804721
39869.8,0.0690407
39872.4,0.0592008
39875.9,0.0501982
39879.7,0.0436671
39884.6,0.0382767
39890.4,0.0340002
39898.6,0.0300802
39912.2,0.0260222
39930.9,0.0225592
39962.0,0.0188566
40000.8,0.0157338
40042.8,0.0133001
40092.6,0.0111658
40158.4,0.00913029
40224.2,0.00769446
40286.4,0.00679626
40330.6,0.00641968
40344.4,0.00639465
40369.8,0.00655854
40387.5,0.00699649
40398.3,0.0075509
40408.1,0.00844886
40414.9,0.00949741
40420.8,0.0109045
40425.7,0.0127071
40429.7,0.0149392
40433.1,0.0176178
40435.8,0.0208162
40438.6,0.025467
40440.8,0.0309245
40442.6,0.0374492
40444.1,0.0447982
40445.3,0.0532926
40446.5,0.0654244
40447.4,0.0781438
40448.2,0.0939852
40449.0,0.116516
40449.7,0.14549
40450.4,0.183338
40451.0,0.228652
40451.6,0.288744
40452.2,0.367497
40452.7,0.468974
40453.4,0.621083
40454.2,0.852281
40455.2,1.20766
40457.8,2.32852
40458.8,2.63748
40459.9,2.77263
40460.0,2.77461
40461.0,2.67526
40462.1,2.34661
40465.0,1.12102
40465.9,0.80969
40466.7,0.596972
40467.3,0.452641
40468.0,0.34242
40468.6,0.266907
40469.2,0.212158
40469.9,0.166623
40470.5,0.133728
40471.2,0.108752
40472.0,0.0891227
40472.9,0.0737389
40474.0,0.0600746
40475.2,0.0496424
40476.7,0.0409111
40478.4,0.0337849
40480.2,0.0283636
40482.4,0.0237284
40485.4,0.0194897
40488.4,0.016502
40492.1,0.0140666
40497.0,0.011969
40503.1,0.0104087
40510.5,0.00944146
40517.8,0.00912767
40523.6,0.00928657
40529.4,0.00987073
40535.3,0.0110918
40539.2,0.0124819
40543.1,0.014662
40545.8,0.016965
40548.6,0.0203513
40550.9,0.0246991
40552.7,0.0297504
40554.2,0.0354272
40555.4,0.0417502
40556.5,0.0507829
40557.5,0.061925
40558.3,0.0749037
40559.0,0.091017
40559.6,0.11234
40560.2,0.140706
40560.9,0.179985
40561.4,0.231056
40562.0,0.299418
40562.6,0.389326
40563.2,0.513692
40563.9,0.688165
40564.7,0.939904
40565.8,1.37718
40567.9,2.2975
40568.9,2.61984
40569.9,2.73694
40570.0,2.73772
40570.9,2.64703
40571.9,2.35513
40573.6,1.64709
40574.9,1.08186
40575.8,0.772685
40576.5,0.568533
40577.1,0.439598
40577.7,0.338166
40578.3,0.262534
40578.9,0.203315
40579.4,0.159368
40580.0,0.127058
40580.6,0.102364
40581.3,0.082327
40582.1,0.0667534
40583.0,0.0553313
40583.9,0.0460649
40585.2,0.0380267
40586.7,0.03116
40588.4,0.0256414
40590.5,0.0211584
40592.8,0.0175856
40595.4,0.0147694
40598.8,0.0123155
40602.9,0.0102761
40607.6,0.00869733
40613.3,0.00746113
40619.7,0.0065273
40629.5,0.00562988
40642.7,0.00490704
40659.3,0.00438142
40679.2,0.00400461
40713.3,0.00365128
40757.0,0.00347781
40759.5,0.0034775
40791.6,0.00360333
40809.7,0.00388213
40821.8,0.00426458
40830.9,0.00476454
40837.8,0.00537429
40843.6,0.00616557
40848.5,0.00715682
40852.6,0.00837491
40856.3,0.0100035
40859.4,0.0119826
40862.2,0.0145681
40864.6,0.0177949
40866.6,0.0216724
40868.2,0.026054
40869.6,0.0311273
40870.8,0.0375423
40871.6,0.0441872
40872.5,0.0535583
40873.3,0.0654346
40873.9,0.0787189
40874.6,0.0978845
40875.1,0.121493
40875.7,0.153666
40876.2,0.193393
40876.8,0.249552
40877.3,0.323451
40877.9,0.418829
40878.5,0.554183
40879.2,0.750837
40880.1,1.05361
40881.6,1.70559
40883.0,2.27187
40884.0,2.57196
40885.0,2.67597
40886.0,2.579
40886.9,2.30995
40888.5,1.62974
40889.9,1.05349
40890.8,0.75625
40891.5,0.549793
40892.1,0.415393
40892.7,0.312915
40893.3,0.239523
40893.9,0.184372
40894.4,0.14683
40894.9,0.118094
40895.6,0.0935826
40896.2,0.0760649
40896.9,0.0618905
40897.6,0.051589
40898.4,0.0437309
40899.5,0.0358311
40900.9,0.029159
40902.5,0.023826
40904.3,0.0194915
40906.3,0.0162704
40908.8,0.0133686
40911.6,0.0110625
40914.8,0.00925208
40918.0,0.00796064
40922.6,0.00665893
40928.0,0.00565544
40935.0,0.00479572
40943.4,0.00414
40953.5,0.00364395
40966.3,0.00325394
40984.4,0.00292306
41008.7,0.00266899
41042.9,0.00246307
41106.9,0.00225846
41196.6,0.0021296
41252.7,0.00210671
41331.1,0.0021625
41390.9,0.00232033
41435.8,0.00257073
41465.7,0.00286144
41488.1,0.00319556
41510.5,0.0036997
41528.7,0.00432037
41545.1,0.00514718
41558.2,0.00612258
41569.6,0.00735014
41580.1,0.00897768
41589.5,0.0110823
41597.4,0.0136684
41603.9,0.016679
41609.6,0.0202353
41615.1,0.0251343
41619.9,0.0312708
41623.9,0.038367
41627.7,0.04754
41631.1,0.0594759
41634.1,0.0737449
41636.6,0.0910581
41638.9,0.112421
41641.1,0.140438
41642.9,0.173131
41644.4,0.211484
41645.9,0.263474
41647.2,0.322618
41648.5,0.408123
41649.7,0.508119
41650.9,0.653226
41652.2,0.856255
41653.7,1.16668
41657.4,2.06611
41658.9,2.29778
41660.0,2.35654
41661.4,2.26304
41662.8,2.01421
41666.7,1.07559
41668.1,0.797702
41669.4,0.613544
41670.6,0.483104
41671.7,0.389316
41672.9,0.316311
41674.4,0.250693
41675.9,0.203528
41677.6,0.163064
41679.4,0.133095
41681.5,0.107891
41683.8,0.0877629
41686.3,0.071348
41689.1,0.058295
41692.4,0.0472249
41696.2,0.03794
41700.2,0.0310902
41705.1,0.0248985
41709.7,0.0207654
41716.1,0.0166417
41722.6,0.0136313
41730.8,0.0109818
41740.1,0.00889625
41750.9,0.00725135
41762.3,0.00604013
41775.8,0.00504707
41790.8,0.00429437
41809.5,0.00365137
41831.9,0.00314424
41861.8,0.00272135
41891.7,0.00246201
41929.1,0.00226896
41988.9,0.00213042
42018.8,0.00211354
42078.5,0.00216456
42133.6,0.00232072
42175.0,0.00254277
42211.0,0.00286037
42241.0,0.00328977
42265.0,0.00383632
42283.0,0.00447286
42298.0,0.00527636
42309.8,0.00621493
42319.4,0.0073347
42327.6,0.00871498
42335.0,0.010513
42341.0,0.0126285
42346.2,0.0152757
42350.6,0.0184037
42354.4,0.02215
42357.7,0.0267618
42360.9,0.032912
42363.6,0.0405733
42366.1,0.0503386
42368.1,0.0616352
42369.8,0.0754753
42371.3,0.0920451
42372.6,0.112037
42373.8,0.137922
42374.8,0.168026
42375.8,0.20756
42376.6,0.259361
42377.5,0.328563
42378.4,0.422775
42379.3,0.548876
42380.2,0.72346
42381.3,0.98014
42383.0,1.5028
42384.8,2.04569
42385.8,2.24791
42387.0,2.34306
42388.1,2.25703
42389.4,1.98859
42392.6,1.00446
42393.7,0.745871
42394.6,0.570832
42395.5,0.439779
42396.4,0.341561
42397.2,0.271087
42398.1,0.216557
42399.0,0.176914
42400.0,0.144936
42401.2,0.117658
42402.4,0.0974739
42403.9,0.0801618
42405.7,0.0658874
42407.6,0.0548892
42410.1,0.0449899
42412.9,0.0370991
42415.8,0.031795
42419.9,0.02693
42424.5,0.0235973
42429.8,0.0216827
42435.0,0.0211243
42439.9,0.0216126
42446.1,0.0236112
42451.1,0.02655
42456.1,0.0312208
42460.6,0.0376496
42464.5,0.0458028
42467.7,0.0557407
42470.8,0.0691385
42473.3,0.085135
42475.5,0.104237
42477.6,0.129994
42479.4,0.162385
42480.9,0.202303
42482.2,0.251991
42483.3,0.308669
42484.4,0.384149
42485.3,0.478844
42486.2,0.610086
42487.1,0.782953
42487.9,0.992869
42488.8,1.28707
42489.8,1.73351
42491.1,2.43602
42493.7,4.00264
42494.9,4.46484
42496.0,4.62438
42497.2,4.4528
42498.4,3.91721
42501.7,1.98295
42502.8,1.45197
42503.7,1.10456
42504.6,0.846465
42505.5,0.654463
42506.3,0.531506
42507.2,0.42206
42508.2,0.342726
42509.2,0.276141
42510.4,0.225265
42511.8,0.181875
42513.3,0.149174
42515.1,0.120417
42517.0,0.0986328
42519.1,0.0807101
42521.6,0.0656603
42524.4,0.0537561
42527.7,0.04367
42531.6,0.0353958
42536.1,0.0285711
42541.2,0.0233198
42546.6,0.0193668
42553.0,0.0160978
42559.4,0.013791
42568.6,0.0115407
42579.5,0.00985046
42591.9,0.0086105
42606.6,0.00775538
42624.1,0.00726553
42644.0,0.00711072
42672.1,0.0074522
42700.1,0.00835322
42721.2,0.0094501
42745.7,0.0113506
42765.0,0.0135261
42783.1,0.0163843
42800.7,0.0203433
42815.7,0.0251886
42828.6,0.0309811
42840.0,0.0380918
42850.5,0.0471638
42860.0,0.0583999
42868.7,0.0728573
42876.1,0.089492
42883.3,0.111467
42890.0,0.139743
42896.4,0.176871
42902.5,0.22507
42909.0,0.29376
42916.2,0.396361
42926.0,0.550649
42930.7,0.598186
42934.0,0.608923
42937.7,0.595223
42943.8,0.524821
42956.2,0.332571
42962.5,0.257255
42968.4,0.20477
42974.3,0.165225
42980.5,0.136008
42986.7,0.11508
42992.8,0.101604
42997.6,0.0951619
43002.4,0.0929788
43006.4,0.0954122
43010.3,0.103791
43013.3,0.116722
43015.7,0.135296
43017.7,0.159353
43019.1,0.184567
43020.2,0.215491
43021.4,0.260883
43022.4,0.320235
43023.2,0.387133
43024.1,0.482894
43024.8,0.600211
43025.5,0.757735
43026.2,0.95999
43027.0,1.24199
43027.9,1.65839
43029.0,2.34617
43031.7,4.16253
43032.7,4.68804
43033.8,4.94306
43034.0,4.94696
43035.1,4.75507
43036.2,4.22495
43039.4,2.05324
43040.4,1.50961
43041.2,1.15406
43042.0,0.883599
43042.7,0.683509
43043.5,0.534924
43044.3,0.423902
43045.1,0.340344
43045.9,0.280317
43046.9,0.229129
43048.0,0.189383
43049.3,0.156149
43050.9,0.128115
43052.7,0.106782
43054.9,0.0879721
43057.6,0.071999
43060.8,0.0593033
43064.3,0.0497492
43068.8,0.0412205
43074.1,0.034221
43080.7,0.0284064
43088.4,0.0237389
43097.7,0.0197909
43109.2,0.0163984
43123.1,0.0135463
43141.3,0.0109658
43159.6,0.00915258
43182.2,0.00754732
43210.3,0.00615126
43238.4,0.00516558
43274.5,0.00428051
43311.4,0.00362871
43361.0,0.00303817
43412.0,0.00264543
43475.0,0.00237402
43511.0,0.0023305
43538.0,0.00237345
43565.0,0.00252589
43583.0,0.00273732
43601.0,0.00311291
43613.0,0.00353011
43622.0,0.00399459
43631.0,0.0046734
43638.9,0.00555597
43645.4,0.00663142
43651.1,0.00795112
43655.9,0.00957839
43660.5,0.0117732
43664.4,0.0144003
43667.7,0.0175548
43670.8,0.021753
43673.4,0.026794
43675.6,0.0328369
43677.6,0.0401109
43679.4,0.0497357
43680.9,0.0604816
43682.2,0.0743739
43683.4,0.0906934
43684.4,0.111359
43685.3,0.138473
43686.1,0.172884
43686.9,0.217473
43687.7,0.278849
43688.4,0.346856
43689.1,0.445316
43689.9,0.590689
43690.8,0.788777
43691.9,1.10239
43694.6,2.00278
43695.7,2.26662
43696.7,2.39052
43697.0,2.39731
43698.1,2.30111
43699.3,2.03551
43702.4,1.00998
43703.5,0.721874
43704.3,0.543605
43705.1,0.420222
43705.9,0.321572
43706.6,0.24867
43707.4,0.197152
43708.2,0.15931
43709.0,0.128741
43709.9,0.104472
43710.9,0.0869637
43712.0,0.0716939
43713.4,0.0585753
43714.9,0.047682
43716.6,0.0392797
43718.6,0.0319958
43721.0,0.0259308
43723.6,0.0211225
43726.6,0.0171971
43729.8,0.0142001
43733.8,0.0115577
43738.2,0.00944093
43743.5,0.00772498
43749.1,0.00644328
43755.9,0.00536818
43763.8,0.00451039
43772.0,0.00389411
43784.0,0.00330708
43796.8,0.00292687
43810.2,0.00269825
43826.0,0.00260051
43839.8,0.00267995
43850.2,0.00289001
43858.4,0.00320859
43865.5,0.00369697
43871.5,0.00437503
43875.6,0.00510305
43879.1,0.00601161
43882.4,0.00727197
43885.1,0.00879701
43887.5,0.0106881
43889.5,0.0131247
43891.1,0.0157296
43892.4,0.0187592
43893.6,0.0226452
43894.5,0.0273909
43895.3,0.032931
43896.0,0.039894
43896.7,0.0494081
43897.2,0.0611728
43897.8,0.0775398
43898.3,0.098035
43898.8,0.125559
43899.4,0.162141
43899.9,0.210085
43900.4,0.278458
43901.0,0.360935
43901.6,0.473634
43902.3,0.653206
43903.1,0.903127
43905.8,1.84251
43906.8,2.11878
43907.8,2.23856
43908.0,2.2413
43909.0,2.15242
43910.1,1.8834
43912.9,0.877593
43913.8,0.625402
43914.5,0.453716
43915.1,0.341275
43915.7,0.253718
43916.3,0.190586
43916.8,0.147185
43917.4,0.114253
43917.9,0.0895795
43918.4,0.0722479
43918.9,0.0573487
43919.5,0.0466311
43920.2,0.0379315
43920.9,0.0312702
43921.6,0.0262007
43922.6,0.0217961
43923.9,0.0179648
43925.4,0.0146478
43927.2,0.0119734
43929.3,0.009836
43931.7,0.00814132
43934.5,0.00669337
43937.6,0.00559374
43941.3,0.00469744
43945.7,0.00394872
43951.6,0.00328467
43959.0,0.00276112
43966.8,0.00240478
43977.7,0.00208897
43992.1,0.00184243
44010.9,0.00165432
44043.7,0.00148748
44087.3,0.00138677
44141.9,0.0013387
44163.7,0.00133144
44216.1,0.00134792
44281.7,0.00143283
44321.0,0.00154141
44353.8,0.00171052
44376.9,0.00192657
44394.1,0.00221287
44404.1,0.00248094
44413.5,0.00286168
44421.3,0.00335262
44427.6,0.00394737
44433.0,0.00472744
44437.7,0.00573401
44441.3,0.00686453
44444.6,0.00835188
44447.4,0.0101951
44449.9,0.0125212
44451.9,0.0152699
44453.5,0.018388
44454.9,0.0219896
44456.2,0.026805
44457.2,0.0320489
44458.1,0.0388305
44458.8,0.047608
44459.5,0.058697
44460.1,0.0730642
44460.7,0.0903741
44461.2,0.11375
44461.8,0.146449
44462.3,0.186922
44462.9,0.246186
44463.5,0.323838
44464.2,0.436716
44464.8,0.580408
44465.6,0.803088
44466.8,1.18353
44468.9,1.95472
44469.9,2.22128
44471.0,2.31833
44471.0,2.31838
44471.9,2.24723
44473.0,1.99289
44474.6,1.41734
44476.0,0.906353
44476.9,0.643681
44477.7,0.468062
44478.3,0.352536
44478.9,0.266971
44479.5,0.201564
44480.0,0.157409
44480.6,0.121897
44481.2,0.0964478
44481.7,0.0775822
44482.3,0.0619395
44483.0,0.0504822
44483.7,0.0418428
44484.4,0.0348584
44485.4,0.0287961
44486.5,0.023932
44487.9,0.0198162
44489.6,0.0163353
44491.6,0.0133634
44493.9,0.0109319
44496.7,0.008975
44500.0,0.00733731
44503.4,0.00621823
44507.5,0.00528515
44512.7,0.00448209
44519.2,0.00383724
44525.7,0.00342328
44535.1,0.00306164
44548.8,0.00279001
44565.2,0.0026646
44574.8,0.00264965
44599.4,0.00273995
44632.3,0.00305874
44665.1,0.00360968
44693.9,0.00435867
44718.5,0.00531149
44737.4,0.00635259
44757.1,0.00787841
44773.5,0.00971136
44788.3,0.01206
44801.4,0.0150312
44812.4,0.0185107
44822.0,0.0227203
44831.5,0.0286073
44839.2,0.0351988
44845.9,0.0431043
44852.1,0.0531229
44858.2,0.0665785
44863.2,0.0822924
44868.2,0.103529
44872.6,0.130459
44876.4,0.162707
44879.9,0.203094
44883.3,0.257947
44886.5,0.32805
44889.2,0.410577
44892.3,0.535085
44895.6,0.710083
44901.4,1.06719
44904.2,1.1814
44906.0,1.20276
44907.8,1.18128
44910.6,1.06691
44918.0,0.620619
44921.1,0.475004
44923.8,0.376805
44926.9,0.294755
44929.9,0.234889
44933.2,0.188126
44936.9,0.150505
44940.7,0.121534
44945.2,0.0968155
44950.1,0.0774881
44955.3,0.0628968
44961.0,0.0509752
44968.0,0.040578
44975.7,0.0324735
44983.2,0.0267216
44992.8,0.0214019
45002.4,0.0175686
45013.8,0.0142406
45027.0,0.0115352
45041.8,0.00938318
45058.2,0.00770051
45077.9,0.00629893
45097.6,0.00532053
45122.2,0.00448911
45146.9,0.00395287
45171.5,0.00363551
45201.6,0.00351032
45226.3,0.00366364
45242.7,0.00395704
45259.1,0.00450911
45270.5,0.0051438
45281.6,0.00608997
45291.1,0.00731055
45298.7,0.00879814
45304.8,0.0104866
45310.2,0.0125496
45315.2,0.0153103
45319.6,0.0186227
45323.3,0.0225332
45327.0,0.028004
45330.1,0.0343827
45333.0,0.0430731
45335.5,0.0532838
45337.6,0.0653137
45339.5,0.0815455
45341.1,0.0989248
45342.3,0.1186
45343.5,0.143609
45344.6,0.174399
45345.6,0.217739
45346.5,0.266161
45347.4,0.3365
45348.1,0.416337
45348.9,0.521932
45349.7,0.676117
45350.5,0.878955
45351.4,1.16792
45352.4,1.57441
45354.3,2.52954
45355.9,3.26171
45357.0,3.62503
45358.0,3.72528
45359.2,3.58345
45360.3,3.20062
45363.6,1.5743
45364.7,1.1338
45365.6,0.846588
45366.4,0.651222
45367.1,0.521865
45367.9,0.416237
45368.6,0.336395
45369.5,0.266065
45370.4,0.217629
45371.4,0.175737
45372.4,0.144543
45373.7,0.117714
45375.2,0.095497
45377.0,0.0765004
45378.9,0.0621073
45380.9,0.0514977
45383.4,0.0414568
45386.4,0.033183
45389.4,0.0270696
45393.1,0.0217945
45397.2,0.0177266
45401.6,0.0145049
45407.1,0.0116855
45413.0,0.00956092
45420.2,0.00775554
45427.9,0.00641833
45436.7,0.00532322
45447.8,0.00439179
45459.6,0.00370679
45473.2,0.00316852
45490.1,0.00271412
45507.0,0.00240674
45533.5,0.0021005
45559.6,0.00192414
45598.9,0.00179946
45618.6,0.00178531
45651.3,0.00183228
45684.1,0.00198519
45710.2,0.00222614
45733.2,0.00258545
45749.6,0.00298719
45765.9,0.00359641
45779.0,0.00433161
45789.5,0.00518718
45799.5,0.00637648
45807.3,0.00769654
45814.4,0.00940447
45820.6,0.0114563
45826.2,0.0140667
45831.4,0.0175022
45835.5,0.0212495
45839.5,0.0263367
45842.9,0.0322477
45846.2,0.0402896
45849.1,0.0505552
45851.4,0.0616596
45853.6,0.0764268
45855.6,0.0952243
45857.3,0.117801
45858.9,0.145455
45860.3,0.182026
45861.6,0.22727
45862.7,0.283345
45863.8,0.356408
45865.0,0.458118
45866.2,0.603167
45867.5,0.809951
45871.5,1.55102
45872.9,1.71634
45874.0,1.76109
45875.2,1.71093
45876.6,1.5301
45880.7,0.775416
45882.0,0.57611
45883.2,0.439695
45884.4,0.342692
45885.5,0.269859
45886.6,0.218957
45888.0,0.173699
45889.5,0.138713
45890.9,0.113527
45892.5,0.0934689
45894.6,0.0751907
45896.6,0.0616997
45899.2,0.0492661
45901.9,0.0400945
45905.2,0.0321242
45908.6,0.0262002
45912.3,0.0214751
45916.6,0.0175553
45921.5,0.0143058
45927.2,0.0116007
45933.8,0.00941749
45940.9,0.00773514
45948.9,0.00640862
45958.9,0.00525337
45970.8,0.00433646
45983.7,0.00367828
45998.4,0.00318209
46011.6,0.00289233
46031.2,0.00263604
46053.3,0.00253299
46055.8,0.00253215
46076.6,0.00261112
46096.7,0.00285819
46113.2,0.00323322
46126.7,0.00372859
46139.6,0.0044636
46149.4,0.00529912
46157.9,0.00632043
46165.3,0.00758527
46172.3,0.00927515
46178.9,0.0115206
46184.5,0.0143034
46189.0,0.0174523
46193.2,0.0215424
46197.0,0.0267423
46200.3,0.0328526
46203.4,0.0410893
46206.1,0.0514096
46208.4,0.0638451
46210.4,0.0785231
46212.1,0.0959261
46213.6,0.117771
46214.8,0.141502
46216.0,0.174421
46217.0,0.211154
46217.9,0.262319
46218.7,0.321318
46219.5,0.394765
46220.2,0.486713
46220.9,0.607047
46221.7,0.775502
46222.4,0.999868
46223.4,1.35049
46224.4,1.87102
46227.6,3.72396
46228.9,4.23522
46230.0,4.38641
46230.9,4.28309
46231.9,3.9621
46233.3,3.20692
46235.5,1.91928
46236.5,1.39786
46237.4,1.04674
46238.3,0.79357
46239.0,0.626955
46239.7,0.498905
46240.5,0.394761
46241.3,0.315413
46242.1,0.257343
46243.1,0.209374
46244.1,0.171833
46245.3,0.139664
46246.6,0.115083
46248.2,0.0921293
46249.9,0.0757426
46252.1,0.0606253
46254.3,0.0497674
46256.9,0.0401474
46259.7,0.032776
46263.2,0.0263322
46266.7,0.0215565
46270.9,0.0174186
46275.8,0.0139934
46281.4,0.0112441
46287.5,0.00915797
46294.5,0.00742518
46302.3,0.00606148
46310.8,0.00501531
46320.4,0.00415997
46331.3,0.00347386
46343.9,0.00290876
46358.6,0.00244669
46375.1,0.00208335
46396.8,0.0017574
46422.1,0.00150356
46455.1,0.00128945
46490.0,0.00114552
46536.3,0.00101844
46610.3,8.9776E-4
46702.8,8.15959E-4
46850.8,7.53458E-4
47072.8,7.2775E-4
47269.7,7.52208E-4
47400.9,8.09844E-4
47482.9,8.87014E-4
47548.5,0.00100398
47589.5,0.00112988
47623.4,0.00129218
47646.1,0.00146097
47671.1,0.00174076
47688.9,0.00204345
47703.1,0.00239237
47717.4,0.00289638
47728.6,0.00346702
47738.2,0.00415793
47747.3,0.00508013
47754.8,0.00614954
47761.9,0.00758137
47768.2,0.00935705
47773.5,0.0114885
47778.1,0.0140492
47782.5,0.0174181
47786.2,0.021342
47789.7,0.0266976
47792.6,0.0326748
47795.1,0.0398185
47797.5,0.0493185
47799.6,0.0611432
47801.5,0.0756808
47803.1,0.0934267
47804.5,0.114901
47805.7,0.141924
47806.8,0.175564
47807.7,0.215089
47808.5,0.262903
47809.2,0.321429
47809.9,0.399511
47810.6,0.49748
47811.3,0.640233
47812.1,0.82762
47812.9,1.09976
47813.9,1.51007
47815.2,2.18677
47817.5,3.57666
47818.7,4.07462
47819.8,4.27083
47820.0,4.27388
47821.1,4.12739
47822.4,3.63043
47825.6,1.79336
47826.6,1.30348
47827.4,0.981202
47828.2,0.759671
47829.0,0.577585
47829.7,0.454363
47830.4,0.361625
47831.2,0.285791
47831.9,0.237209
47832.8,0.191412
47833.7,0.158401
47834.9,0.127434
47836.2,0.103818
47837.7,0.0843095
47839.3,0.0692906
47841.2,0.0562587
47843.5,0.0450873
47846.0,0.036512
47848.9,0.0292929
47852.1,0.0238127
47855.6,0.019299
47859.9,0.0154496
47864.2,0.0126956
47869.0,0.0104383
47874.6,0.00852903
47881.2,0.00693373
47888.6,0.00567597
47896.5,0.00470405
47905.8,0.00389638
47916.6,0.00323584
47927.5,0.00276326
47939.9,0.00237729
47960.5,0.00194983
47981.2,0.00167695
48006.0,0.00146339
48039.1,0.00129236
48072.2,0.00119088
48121.8,0.00110934
48204.5,0.00106338
48212.7,0.00106285
48320.2,0.00109964
48436.0,0.00121163
48535.2,0.00137617
48634.5,0.00163401
48717.2,0.00196725
48783.3,0.00235983
48841.2,0.00284736
48890.8,0.00344796
48932.2,0.00414641
48971.9,0.00508122
49004.9,0.00616401
49038.0,0.00768577
49064.5,0.0093881
49087.6,0.0114062
49110.8,0.0142145
49130.6,0.0175672
49147.2,0.02138
49163.7,0.0266064
49178.6,0.0331385
49191.6,0.0410184
49203.2,0.0505723
49214.9,0.0638473
49224.2,0.0782921
49232.7,0.0960514
49241.8,0.12147
49250.1,0.152863
49259.0,0.198653
49268.1,0.260432
49286.4,0.405533
49291.4,0.429844
49296.0,0.437758
49300.0,0.431822
49306.6,0.398871
49327.8,0.231794
49336.7,0.177419
49345.0,0.139833
49353.5,0.111162
49362.2,0.089374
49372.1,0.0710819
49382.2,0.0574251
49393.8,0.0460095
49406.8,0.0367374
49421.7,0.0291668
49438.2,0.0231966
49454.8,0.0188926
49474.6,0.0151608
49497.8,0.0120666
49521.7,0.0097908
49547.4,0.00802327
49580.5,0.00639782
49613.5,0.00524472
49653.2,0.00425992
49699.5,0.00345763
49745.8,0.00289106
49808.7,0.00236359
49874.8,0.00198915
49941.0,0.00174557
49986.5,0.00164297
49989.1,0.00167603
49990.6,0.00179168
49991.5,0.0019504
49992.4,0.0022361
49993.1,0.00262147
49993.8,0.00319391
49994.6,0.00400892
49995.3,0.00512114
49996.1,0.00674247
49996.9,0.0088134
49997.9,0.0120837
49999.7,0.0189094
50002.2,0.028748
50004.0,0.0338513
50005.7,0.0365258
50008.1,0.0381794
50019.4,0.0386124
70591.1,0.0340836
100000.0,0.0300451
141182.0,0.026483
200000.0,0.0233143
300000.0,0.0214771
400000.0,0.0210915
600000.0,0.021956
850000.0,0.024863
900000.0,0.0256044
971252.0,0.0199959
1000000.0,0.0181901
1200000.0,0.0158216
1325790.0,0.0127463
1400000.0,0.0113181
1611870.0,0.00905671
1742250.0,0.007276
1800000.0,0.00663879
2000000.0,0.00532
2348910.0,0.00430843
2674300.0,0.00368557
3124400.0,0.0030837
3600000.0,0.00263826
4300000.0,0.00223057
5200000.0,0.00195455
5800000.0,0.00188871
6000000.0,0.00190278
6200000.0,0.00188845
6400000.0,0.0019163
6600000.0,0.00200527
6900000.0,0.0020702
7400000.0,0.00222352
7600000.0,0.00235592
7900000.0,0.00239301
8750000.0,0.00257811
1.0E7,0.00268525
1.05E7,0.00269496
1.225E7,0.00262521
1.325E7,0.00246793
1.41867E7,0.00219402
1.6E7,0.00148958
1.7E7,0.00120202
1.8E7,9.99139E-4
1.92468E7,8.43848E-4
1.99998E7,7.69815E-4
1.99999E7,7.44868E-4
1.99999E7,6.92039E-4
1.99999E7,6.14501E-4
2.0E7,4.73115E-4
2.0E7,2.41814E-4
2.00001E7,1.63582E-4
2.00001E7,1.16112E-4
2.00001E7,8.61935E-5
2.00001E7,6.22407E-5
2.00001E7,4.62046E-5
2.00001E7,3.4406E-5
2.00001E7,2.52435E-5
2.00001E7,1.86799E-5
2.00002E7,1.409E-5
2.00002E7,1.04982E-5
2.00002E7,8.01835E-6
2.00002E7,6.04226E-6
2.00002E7,4.52596E-6
2.00002E7,3.4691E-6
2.00002E7,2.64953E-6
2.00002E7,2.00829E-6
2.00002E7,1.5107E-6
2.00002E7,1.12776E-6
2.00002E7,8.67244E-7
2.00002E7,6.69326E-7
2.00002E7,5.11244E-7
2.00002E7,3.88268E-7
2.00002E7,2.93185E-7
2.00003E7,2.20116E-7
2.00003E7,1.64308E-7
2.00003E7,1.24591E-7
2.00003E7,9.45202E-8
2.00003E7,7.09674E-8
2.00003E7,5.36204E-8
2.00003E7,4.10269E-8
2.00003E7,3.12627E-8
2.00003E7,2.38654E-8
2.00003E7,1.80383E-8
2.00003E7,1.36608E-8
2.00003E7,1.02415E-8
2.00003E7,7.69444E-9
2.00003E7,5.86861E-9
2.00003E7,4.4893E-9
2.00003E7,3.42284E-9
2.00003E7,2.60111E-9
2.00003E7,1.97012E-9
2.00003E7,1.48726E-9
2.00003E7,1.11903E-9
2.00003E7,8.3918E-10
2.00003E7,6.4946E-10
2.00004E7,5.0134E-10
2.00004E7,3.86E-10
2.00004E7,2.9431E-10
2.00004E7,2.2542E-10
2.00004E7,1.7221E-10
2.00004E7,1.3122E-10
2.00004E7,9.8985E-11
2.00004E7,8.6529E-11
2.00004E7,4.9084E-11
2.00004E7,1.5419E-11
2.00004E7,1.3402E-12
2.00005E7,5.5076E-15
2.0001E7,0.0
2.0E8,0.0
