82-Pb-204(n,elastic) ENDF/B-VII.1
1.0E-5,46.3827
1.31241E-5,40.8022
1.70876E-5,36.1063
2.2426E-5,31.9235
2.91987E-5,28.4249
3.83206E-5,25.3323
4.98935E-5,22.7706
7.13124E-5,19.9083
1.01926E-4,17.6468
1.45682E-4,15.8941
2.08223E-4,14.5663
3.06368E-4,13.5182
5.2351E-4,12.5628
9.82009E-4,11.9254
0.00261198,11.4706
0.0186266,11.235
0.0237844,11.2266
0.0253,11.2248
476.337,11.027
479.785,11.1898
480.0,11.2127
483.164,11.0245
1129.65,10.4566
1327.4,9.96887
1330.93,10.0475
1331.61,10.3217
1332.23,11.2411
1332.86,12.3397
1333.0,12.394
1333.39,12.0093
1334.2,10.5108
1334.83,10.0923
1343.38,9.90573
1490.0,9.05973
1558.0,8.1744
1598.0,7.16084
1622.0,6.11793
1637.0,5.1529
1656.75,3.53693
1661.25,3.36487
1663.6,3.44518
1665.85,3.7439
1667.65,4.24811
1669.22,5.00811
1670.57,6.01684
1671.85,7.4238
1672.9,9.05985
1673.95,11.3377
1674.95,14.3615
1675.8,17.8643
1676.6,22.2764
1677.41,28.3412
1678.11,35.385
1678.8,44.6457
1679.47,56.9795
1680.07,71.8307
1680.66,91.5067
1681.22,117.234
1681.72,148.241
1682.22,190.165
1682.7,244.088
1683.15,312.235
1683.64,409.829
1684.21,559.621
1685.36,908.167
1685.87,1004.64
1686.16,1023.17
1686.52,1006.27
1687.09,905.262
1688.41,567.549
1689.05,441.337
1689.65,353.144
1690.32,281.32
1691.03,228.234
1691.76,188.005
1692.55,156.792
1693.5,129.642
1694.5,109.096
1695.75,90.7454
1697.25,75.3997
1698.9,63.6273
1701.0,53.296
1703.4,45.2178
1706.4,38.3833
1710.4,32.421
1715.6,27.5471
1722.5,23.5606
1730.0,20.8633
1742.0,18.2452
1758.0,16.2559
1782.0,14.6097
1824.0,13.1666
1898.0,11.9964
2099.75,10.5634
2263.55,9.31734
2333.75,8.28087
2374.7,7.21165
2401.02,6.11835
2421.5,4.87694
2443.44,3.23618
2448.25,3.05196
2448.98,3.04783
2451.33,3.10468
2453.82,3.33274
2455.8,3.7047
2457.77,4.33751
2459.52,5.22802
2461.06,6.38113
2462.38,7.76725
2463.66,9.60962
2464.94,12.1331
2466.11,15.2807
2467.18,19.197
2468.21,24.1787
2469.25,31.0428
2470.24,39.9446
2471.12,50.6853
2471.88,63.1898
2472.65,79.7812
2473.38,100.92
2474.11,129.431
2474.75,162.828
2475.39,207.055
2476.05,267.591
2476.75,353.584
2477.51,473.649
2479.15,780.241
2479.78,856.826
2480.29,879.381
2480.88,857.154
2481.74,753.972
2483.43,496.143
2484.31,392.045
2485.19,314.91
2486.14,254.009
2487.17,206.883
2488.37,167.57
2489.65,138.202
2491.11,114.428
2492.94,93.7872
2495.03,77.7024
2497.33,65.4058
2500.11,55.159
2503.33,46.9914
2507.2,40.2449
2511.59,35.0062
2517.44,30.2871
2523.88,26.814
2532.65,23.6437
2544.35,20.948
2561.9,18.5151
2588.23,16.4827
2629.18,14.8319
2701.4,13.459
2703.02,13.4445
2706.0,13.8444
2708.98,13.376
2843.3,12.3388
3131.21,11.4515
3793.36,10.583
3800.4,10.6461
3801.71,11.0474
3802.44,11.9611
3803.59,14.2012
3804.0,14.4898
3804.63,13.8718
3805.58,11.9468
3806.36,11.0047
3807.74,10.6405
4276.63,10.1402
4280.38,10.2166
4281.87,10.757
4283.02,11.1839
4285.48,10.2507
4324.54,10.0976
4696.16,9.78957
4711.5,9.88826
4714.1,10.2453
4714.85,10.8538
4715.3,11.7399
4715.67,13.021
4716.1,15.3732
4716.63,19.5876
4717.4,26.0702
4717.83,28.0411
4718.0,28.2233
4718.42,27.1755
4718.91,23.7169
4719.77,16.3806
4720.18,13.7964
4720.64,11.9859
4721.13,10.9325
4721.96,10.2543
4723.72,9.9479
4745.56,9.75004
6053.08,8.40707
6395.57,7.67232
6522.82,7.02471
6581.54,6.38365
6615.8,5.67874
6635.38,5.0075
6650.06,4.24044
6661.07,3.40824
6669.64,2.54472
6677.47,1.65495
6679.85,1.45163
6681.34,1.38828
6682.02,1.38644
6683.09,1.43409
6684.2,1.57327
6685.02,1.76319
6685.91,2.08192
6686.77,2.54554
6687.53,3.13917
6688.26,3.92906
6688.95,4.93692
6689.64,6.29922
6690.33,8.15131
6690.94,10.3672
6691.55,13.3279
6692.09,16.7555
6692.64,21.3973
6693.19,27.5824
6693.74,35.874
6694.29,47.0056
6694.84,61.8557
6695.39,81.3263
6696.0,109.145
6696.83,156.4
6698.17,238.295
6698.95,269.186
6699.51,276.529
6700.17,268.269
6701.06,236.123
6702.85,153.257
6703.82,119.776
6704.69,97.7072
6705.65,80.18
6706.8,65.6367
6708.18,53.8058
6709.71,44.9249
6711.57,37.608
6713.93,31.4961
6716.62,26.8942
6720.29,22.8151
6725.18,19.4345
6731.06,16.9348
6738.15,15.044
6745.49,13.7581
6760.17,12.1932
6780.97,10.9971
6816.46,9.96143
6870.09,9.20897
6980.48,8.47453
7663.76,6.1806
7855.56,5.1717
7975.44,4.24202
8059.35,3.35295
8126.48,2.43636
8213.39,1.04828
8231.37,0.822945
8239.76,0.751135
8248.15,0.713169
8251.15,0.71032
8258.34,0.73297
8264.34,0.79139
8270.33,0.89669
8276.32,1.06111
8282.32,1.30187
8288.31,1.64116
8294.3,2.10833
8300.3,2.74275
8305.69,3.50044
8311.09,4.4889
8316.48,5.77852
8321.88,7.46494
8327.27,9.67978
8332.67,12.6065
8338.06,16.5039
8342.85,21.0784
8347.65,27.0741
8352.44,34.9962
8357.24,45.5425
8361.88,59.1509
8366.38,76.5464
8371.32,101.797
8376.33,135.292
8383.46,196.12
8391.16,262.217
8395.38,284.715
8398.84,290.906
8402.19,286.301
8409.26,252.829
8422.33,174.822
8430.06,139.953
8437.56,114.906
8446.55,93.2239
8457.04,75.6498
8467.52,63.3707
8479.51,53.3991
8494.5,44.7083
8512.48,37.5986
8535.25,31.5866
8560.43,27.1519
8596.39,22.9843
8644.34,19.5334
8701.88,16.9659
8778.6,14.8376
8898.47,12.8555
9083.74,11.0828
9089.3,11.0585
9092.86,11.2742
9094.12,12.0667
9095.39,13.998
9096.47,15.6499
9097.01,15.9132
9097.84,15.3099
9099.66,12.3372
9100.66,11.459
9102.28,11.0538
9418.92,8.62367
9494.28,7.62226
9536.67,6.64312
9561.4,5.72871
9579.06,4.76566
9591.78,3.7989
9601.67,2.80914
9609.91,1.79199
9617.92,0.719839
9620.04,0.476796
9621.33,0.356524
9622.27,0.28974
9623.12,0.249681
9623.85,0.234341
9624.03,0.233759
9624.56,0.24057
9625.02,0.257688
9625.59,0.296009
9626.16,0.356145
9626.69,0.434844
9627.31,0.559299
9627.93,0.725279
9628.57,0.952482
9629.28,1.27568
9629.99,1.69522
9630.69,2.2339
9631.4,2.92055
9632.19,3.91582
9632.99,5.21258
9633.78,6.90031
9634.58,9.09766
9635.37,11.9621
9636.17,15.701
9636.96,20.5837
9637.76,26.9488
9638.55,35.1996
9639.43,47.0176
9640.34,62.7344
9641.49,88.065
9644.15,154.734
9645.28,173.194
9646.32,178.936
9647.64,171.266
9649.74,140.091
9652.14,104.248
9654.07,83.3219
9655.92,69.0754
9657.83,58.5427
9660.19,49.3578
9663.13,41.4981
9666.67,35.1793
9671.38,29.6912
9677.26,25.3448
9684.92,21.8191
9694.93,18.9996
9709.06,16.6468
9727.42,14.8748
9755.68,13.3418
9805.14,11.9761
9889.92,10.8731
10050.1,9.9351
10433.3,9.01542
11345.6,7.79321
11360.8,7.93371
11363.3,8.29843
11364.3,8.95692
11365.0,10.0011
11365.6,11.5064
11366.2,13.7538
11367.0,18.2071
11368.1,24.0701
11368.7,26.1077
11369.0,26.311
11369.5,25.5665
11370.3,22.3707
11371.7,14.4682
11372.4,11.9185
11372.9,10.3004
11373.5,9.29739
11374.5,8.50215
11376.0,8.08299
11383.0,7.81031
11987.2,6.58599
12244.8,5.67388
12402.2,4.76733
12502.4,3.92131
12576.8,3.06292
12634.0,2.21497
12682.6,1.34812
12727.7,0.490945
12739.7,0.28903
12747.0,0.181336
12752.4,0.114627
12756.2,0.0753067
12758.8,0.0518311
12761.2,0.0349582
12762.9,0.0246101
12764.4,0.0175403
12765.5,0.0134386
12766.5,0.0103717
12767.3,0.00858389
12768.0,0.00751943
12768.7,0.00679595
12769.4,0.00659733
12770.1,0.00682423
12770.7,0.00748917
12771.4,0.00860458
12772.3,0.0106839
12773.1,0.0137047
12774.1,0.0180544
12775.2,0.0240834
12776.5,0.0336047
12778.0,0.0463171
12779.6,0.0639428
12781.6,0.0906184
12783.7,0.126744
12786.0,0.175047
12788.5,0.23918
12791.4,0.329114
12794.6,0.453875
12798.2,0.626889
12802.1,0.866388
12806.4,1.19795
12810.7,1.61841
12815.0,2.14764
12819.8,2.90417
12824.7,3.8751
12829.5,5.11927
12834.3,6.71388
12839.1,8.76101
12844.0,11.396
12848.8,14.7994
12853.6,19.2118
12858.5,24.9525
12863.3,32.4387
12868.1,42.1979
12873.2,55.4715
12878.2,72.4389
12884.2,98.5297
12899.0,175.339
12904.7,193.77
12909.3,198.226
12915.9,189.653
12938.2,120.852
12947.7,98.4634
12958.4,80.0828
12971.0,65.1393
12985.3,53.5169
12999.6,45.4764
13017.5,38.4735
13038.9,32.7465
13063.3,28.3243
13097.6,24.1777
13143.4,20.6956
13200.6,18.004
13283.6,15.671
13364.8,14.3297
13369.3,14.7013
13370.3,15.3098
13371.1,16.5315
13372.1,19.0284
13374.0,26.4737
13374.9,27.9567
13375.0,27.9814
13375.8,27.0556
13376.9,23.2739
13378.2,18.2885
13378.9,16.6259
13379.9,15.1266
13381.7,14.3845
13391.0,13.9656
13536.2,12.5325
13787.3,11.2301
14302.7,9.88544
14603.4,9.05172
14695.7,8.3752
14739.3,7.60044
14761.2,6.81948
14775.7,5.90476
14785.4,4.91372
14791.5,4.00294
14796.4,3.01711
14800.3,2.01609
14804.2,0.882565
14805.2,0.640185
14805.8,0.523052
14806.2,0.476432
14806.6,0.449816
14806.8,0.445811
14807.1,0.462363
14807.5,0.51008
14807.7,0.574169
14808.0,0.6784
14808.3,0.834618
14808.6,1.0375
14809.0,1.3456
14809.3,1.75475
14809.6,2.28917
14810.0,2.97681
14810.3,3.94267
14810.7,5.18378
14811.1,6.76119
14811.5,9.11639
14811.9,12.1373
14812.4,16.2465
14812.9,21.9577
14813.5,30.4589
14814.2,43.1209
14816.3,87.3842
14817.1,100.108
14817.9,106.17
14818.1,106.757
14818.9,104.402
14820.2,91.2361
14822.3,64.6023
14823.4,53.2189
14824.6,44.5489
14826.2,37.181
14827.7,32.23
14829.8,27.6046
14832.0,24.4374
14835.6,21.0408
14840.8,18.2112
14848.1,15.9663
14859.4,14.1234
14877.7,12.6612
14909.2,11.5449
14967.5,10.7168
15110.7,10.0282
15559.6,9.39975
15928.0,9.144
15934.9,9.24407
15937.0,9.75661
15939.7,10.8324
15940.0,10.8614
15941.4,10.5317
15943.1,9.753
15945.3,9.2536
15994.5,9.10971
17424.9,8.50267
17438.7,8.63269
17440.1,8.97537
17441.5,9.82326
17444.2,12.7979
17445.0,13.0946
17446.1,12.5682
17448.7,9.77479
17449.8,9.05631
17450.9,8.72708
17453.8,8.54304
17598.9,8.4402
17628.1,8.59315
17630.8,8.76396
17632.7,9.16063
17633.9,9.84957
17634.7,10.8702
17635.4,12.4146
17636.1,14.7697
17637.1,19.0171
17638.8,28.1624
17639.5,30.6523
17640.0,31.1732
17640.7,30.3072
17641.6,26.8739
17643.4,17.0852
17644.2,13.8419
17645.1,11.6811
17645.8,10.4658
17646.7,9.6593
17648.0,9.14296
17650.9,8.76579
17661.8,8.51195
18446.0,7.98024
18483.1,7.71839
18493.7,7.33472
18497.4,6.89432
18500.7,6.20968
18501.1,6.20194
18502.1,6.48241
18502.9,7.11177
18504.1,8.67792
18505.5,10.8566
18506.5,11.6431
18507.2,11.7927
18508.3,11.4045
18511.0,9.85483
18513.9,9.14525
18520.1,8.67082
18539.8,8.32555
18755.3,7.83656
18774.1,7.56834
18781.4,7.13025
18784.9,6.6415
18785.9,6.80748
18786.8,7.37633
18787.7,8.50212
18790.0,12.7294
18790.8,13.5216
18791.2,13.6217
18791.9,13.4545
18793.6,11.6812
18795.1,10.2548
18796.9,9.3506
18800.3,8.79778
18811.4,8.37379
18865.2,8.08951
19529.8,7.44017
19639.1,7.02487
19682.5,6.52111
19704.2,5.90712
19715.1,5.2981
19721.7,4.67458
19727.0,3.90425
19730.6,3.15188
19733.4,2.33898
19736.1,1.45106
19736.8,1.2698
19737.3,1.22551
19737.7,1.24804
19738.1,1.33376
19738.4,1.50004
19738.7,1.74935
19739.1,2.11101
19739.4,2.648
19739.8,3.3983
19740.1,4.3834
19740.5,5.85385
19741.0,7.8388
19741.5,10.8596
19742.0,14.9202
19742.9,22.5038
19744.5,37.3189
19745.5,43.4712
19746.2,45.8102
19746.5,46.0619
19747.6,43.9979
19749.3,35.8176
19750.8,28.2116
19752.1,23.4538
19753.5,19.9296
19755.4,17.1615
19757.7,15.0792
19760.8,13.3833
19765.8,11.8454
19773.6,10.6153
19786.7,9.6392
19804.0,9.02864
19847.4,8.4119
19960.2,7.93752
20755.9,7.0435
20763.1,7.08687
20765.3,7.34685
20766.5,7.8344
20767.7,8.78704
20770.0,11.0352
20771.1,11.4536
20772.1,11.0329
20775.0,8.30238
20776.0,7.66784
20777.5,7.2557
20781.7,7.06642
21348.6,6.10235
21595.4,5.33146
21635.7,5.17932
21642.5,5.25046
21644.7,5.48604
21645.8,5.87763
21646.7,6.5585
21647.4,7.39404
21648.2,8.81542
21649.3,11.5664
21650.6,14.7714
21651.5,16.2583
21652.0,16.5354
21652.8,15.9824
21653.7,14.2929
21655.8,9.19419
21656.6,7.64595
21657.3,6.72503
21658.3,5.94946
21659.1,5.63086
21660.6,5.34212
21665.7,5.12618
21830.6,3.92602
21905.3,3.14846
21962.7,2.34505
22005.8,1.58739
22064.0,0.416473
22073.5,0.249282
22079.4,0.160749
22083.7,0.107154
22086.8,0.0760575
22089.2,0.0562913
22091.1,0.044394
22092.7,0.0368509
22093.8,0.0332859
22095.2,0.0304907
22096.3,0.0299636
22097.4,0.0308753
22098.4,0.0333134
22099.5,0.0373664
22101.0,0.0454334
22102.4,0.05674
22104.0,0.0736262
22105.8,0.0980169
22107.8,0.132371
22109.9,0.179845
22112.3,0.244589
22115.0,0.339038
22117.8,0.466022
22121.1,0.646127
22124.3,0.873304
22127.9,1.19215
22131.5,1.59563
22135.4,2.15966
22139.6,2.9172
22143.9,3.93972
22148.2,5.26609
22152.5,6.98468
22156.8,9.21079
22161.1,12.0938
22165.4,15.824
22169.7,20.6364
22174.3,27.196
22178.9,35.8185
22184.4,48.7558
22191.9,70.9281
22200.0,95.8285
22205.6,107.88
22211.5,112.597
22214.9,111.512
22222.4,102.517
22239.9,73.3059
22250.7,59.5847
22261.4,49.5945
22274.4,41.1136
22287.3,35.1492
22304.5,29.6187
22326.1,25.0144
22354.1,21.152
22385.0,18.3899
22422.3,16.1826
22479.8,14.033
22560.2,12.2462
22677.9,10.7393
22864.7,9.36984
23246.3,7.66168
23251.3,7.66056
23263.5,7.79114
23268.4,8.13697
23270.5,8.59301
23271.9,9.37267
23272.9,10.513
23273.7,12.1159
23274.3,14.2981
23275.0,17.3452
23275.8,22.0212
23276.7,29.9561
23278.3,44.8251
23279.2,50.4887
23280.0,52.4381
23280.9,50.3249
23281.9,43.5261
23283.9,25.6802
23284.7,19.9806
23285.4,16.145
23286.1,13.3493
23286.9,11.5124
23287.8,10.1288
23289.1,9.1515
23290.9,8.52633
23294.3,8.0484
23301.7,7.68819
23340.7,7.2876
23593.6,5.8648
23722.1,4.82155
23807.7,3.85243
23870.0,2.93152
23922.5,1.96978
23991.6,0.51831
24002.6,0.31596
24009.6,0.203588
24014.7,0.134596
24018.4,0.0935889
24021.3,0.0667791
24023.7,0.0489833
24025.5,0.0386264
24027.2,0.0318146
24028.7,0.0275024
24029.7,0.025929
24030.8,0.0254514
24031.9,0.0262729
24033.1,0.0285918
24034.2,0.0324836
24035.8,0.0401404
24037.2,0.0503802
24038.9,0.065517
24040.7,0.0871228
24042.7,0.117128
24045.1,0.163076
24047.8,0.227102
24050.7,0.315049
24054.0,0.439655
24057.3,0.595697
24060.9,0.813058
24065.1,1.12283
24069.5,1.53756
24073.8,2.06199
24078.7,2.80275
24083.6,3.7497
24088.4,4.95444
24093.8,6.65531
24099.1,8.8565
24104.2,11.5516
24109.3,14.9778
24115.2,20.0143
24121.1,26.5559
24127.3,35.3944
24134.4,48.2773
24154.2,92.1216
24160.3,101.973
24168.1,107.664
24169.7,107.861
24176.7,105.491
24190.7,91.5132
24211.0,69.4256
24228.1,55.9673
24245.1,46.5662
24262.1,39.9131
24286.4,33.3823
24315.6,28.2596
24344.8,24.8186
24391.5,21.2185
24449.9,18.4479
24502.3,16.8541
24505.9,17.2063
24507.6,18.2611
24511.2,22.4758
24512.0,22.7509
24513.6,21.8039
24516.3,18.2771
24517.9,17.1198
24520.6,16.5324
24589.5,15.0296
24739.1,13.2527
24971.7,11.8024
25370.7,10.5625
25874.2,9.70355
25886.0,9.86594
25887.8,10.2185
25889.3,11.0453
25890.6,12.6193
25892.2,15.7722
25893.9,19.0482
25895.0,19.9473
25895.0,19.9493
25896.0,19.3226
25897.5,16.6245
25899.4,12.9652
25900.3,11.7113
25901.8,10.5538
25903.5,10.0421
25909.0,9.76679
26889.5,8.15946
27142.0,7.30276
27268.2,6.47143
27347.1,5.57343
27394.4,4.73197
27427.6,3.89522
27453.6,3.01272
27473.7,2.14683
27493.2,1.14426
27504.9,0.529876
27509.4,0.318991
27512.2,0.207599
27514.2,0.143873
27515.6,0.103736
27516.7,0.0801596
27517.7,0.0636534
27518.5,0.0542195
27519.1,0.0495534
27519.7,0.0470135
27520.0,0.0467845
27520.6,0.048126
27521.3,0.0531822
27522.0,0.0622791
27522.7,0.0752009
27523.4,0.0943216
27524.3,0.124816
27525.2,0.164353
27526.2,0.22006
27527.3,0.297379
27528.5,0.403416
27529.8,0.553806
27531.3,0.765851
27532.7,1.02351
27534.3,1.37889
27536.0,1.88581
27537.8,2.53116
27539.8,3.44992
27541.8,4.63404
27543.7,6.15191
27545.9,8.30815
27548.1,11.1066
27550.2,14.7059
27552.6,19.7067
27555.1,26.4331
27557.9,36.2285
27562.8,57.1482
27567.1,74.9903
27570.5,84.0288
27573.0,86.4755
27575.9,85.2703
27580.4,77.8565
27590.8,56.5362
27597.8,46.1042
27604.7,38.845
27612.6,33.0245
27622.4,28.0542
27634.3,24.0696
27647.3,21.1094
27667.4,18.1105
27691.1,15.8535
27728.9,13.5161
27793.6,10.408
27814.2,8.97438
27827.1,7.55915
27834.7,6.29961
27840.5,4.9582
27844.7,3.68356
27850.1,1.73492
27851.1,1.44554
27852.0,1.29629
27852.5,1.27206
27853.0,1.31802
27853.5,1.45702
27853.9,1.63928
27854.3,1.95741
27854.8,2.42063
27855.2,3.08327
27855.7,4.00518
27856.2,5.28948
27856.7,6.94837
27857.3,9.32919
27857.9,12.4389
27858.7,17.4602
27859.6,25.1144
27862.7,55.2556
27863.9,63.7173
27864.9,66.947
27865.6,67.4677
27867.1,64.3421
27871.6,43.5836
27873.7,36.6494
27876.2,31.1656
27879.6,26.6456
27882.8,23.9122
27887.8,21.2217
27892.8,19.4301
27904.0,17.112
27917.3,15.6237
27937.6,14.3382
27978.3,13.0452
28059.7,11.8868
28119.4,11.4667
28126.5,11.6534
28128.4,12.1041
28129.7,12.914
28131.1,14.6544
28132.5,17.6709
28134.5,22.4576
28135.6,24.045
28136.0,24.1815
28137.0,23.5798
28138.2,21.1046
28140.4,15.9812
28141.6,13.8228
28143.1,12.4712
28144.3,11.9528
28147.2,11.5437
28169.3,11.187
28418.8,10.3399
28905.5,9.64663
28913.1,9.72923
28915.3,10.0805
28917.0,10.8244
28920.1,12.6139
28921.0,12.7749
28922.8,12.2387
28925.5,10.5951
28927.8,9.87135
28932.2,9.65371
28991.2,9.56854
29008.9,9.71679
29011.5,10.0487
29013.2,10.8535
29014.5,12.2133
29015.7,14.3933
29018.4,21.2814
29019.6,22.9807
29020.1,23.166
29021.0,22.4905
29022.4,19.6833
29024.4,14.6892
29025.5,12.6665
29026.3,11.6286
29027.6,10.6553
29028.9,10.1936
29032.0,9.83553
29055.6,9.56592
29614.7,9.13818
29638.8,9.30614
29642.3,9.77548
29643.9,10.5961
29644.9,11.7098
29646.0,13.475
29647.2,16.6004
29649.3,22.6958
29650.3,24.7844
29651.1,25.2312
29652.1,24.4095
29653.3,21.4791
29655.6,15.0882
29656.8,12.6095
29657.8,11.2369
29658.9,10.4343
29660.5,9.8545
29662.1,9.60486
29670.0,9.28317
29792.6,9.05764
31455.5,8.11262
31462.1,8.25903
31464.6,8.85436
31468.2,10.4235
31469.1,10.531
31470.9,10.1204
31474.4,8.66659
31476.7,8.2616
31488.0,8.11604
32075.3,7.37203
32332.9,6.65274
32478.6,5.86729
32568.2,5.03427
32628.7,4.15179
32669.0,3.30754
32698.1,2.50603
32722.5,1.67931
32753.7,0.487933
32759.6,0.291712
32763.1,0.190117
32765.7,0.130021
32767.6,0.0930028
32769.1,0.0689022
32770.2,0.0552728
32771.3,0.0458088
32772.0,0.041087
32772.9,0.0382445
32773.4,0.0377731
32774.1,0.038684
32774.8,0.0415842
32775.6,0.0481832
32776.5,0.0583209
32777.5,0.0735621
32778.5,0.0961499
32779.7,0.128499
32780.9,0.170855
32782.3,0.233686
32783.8,0.321005
32785.5,0.441041
32787.2,0.59779
32789.1,0.809519
32791.1,1.08379
32793.3,1.47784
32795.6,1.97412
32798.1,2.68107
32800.6,3.58188
32803.4,4.86681
32806.2,6.5264
32809.0,8.65484
32812.1,11.6674
32815.1,15.5027
32818.3,20.5579
32822.0,28.0376
32827.0,40.843
32835.7,64.6079
32840.6,73.2403
32845.1,75.9057
32850.9,72.9297
32869.9,50.0939
32880.1,41.1433
32891.3,34.3444
32905.3,28.6969
32922.1,24.3288
32944.5,20.6812
32966.9,18.3527
33002.8,16.01
33043.1,14.3985
33110.3,12.8215
33217.9,11.4942
33397.1,10.4165
33457.6,10.215
33466.2,10.2737
33470.8,10.5531
33472.4,10.962
33473.9,11.8559
33475.3,13.4824
33476.6,16.042
33479.3,22.9641
33480.6,24.7874
33481.1,24.9541
33482.1,24.186
33483.5,21.4578
33485.7,15.9312
33486.8,13.8341
33487.9,12.3635
33489.4,11.2843
33492.0,10.6206
33501.3,10.2114
33657.6,9.64983
33858.3,9.03642
33901.6,8.56955
33916.3,8.12047
33924.2,7.62033
33929.9,6.89366
33933.4,6.07551
33936.4,5.12724
33937.3,5.02436
33938.1,5.15783
33938.9,5.62545
33939.5,6.26582
33940.2,7.43784
33941.1,9.4556
33942.3,13.2892
33944.1,19.0387
33945.1,21.2459
33946.3,22.235
33946.5,22.2367
33947.9,21.1595
33951.4,15.8844
33953.2,14.1008
33955.1,13.0413
33958.3,12.0322
33961.5,11.4691
33970.7,10.6718
33986.4,10.1359
34034.6,9.6366
34120.6,9.42559
34174.4,9.63664
34193.3,10.0792
34204.9,10.8274
34211.8,11.792
34216.8,13.1236
34220.8,15.0291
34223.8,17.4102
34225.9,20.1375
34227.8,23.7302
34229.4,28.2715
34230.9,34.1253
34232.4,42.7073
34233.9,54.0562
34235.8,73.9682
34238.2,101.859
34239.8,114.247
34241.1,117.859
34242.4,114.368
34244.1,100.499
34247.6,61.8444
34249.3,47.4669
34250.7,38.7068
34252.3,31.4723
34254.0,26.4607
34255.8,22.4538
34258.0,19.3784
34261.0,16.6176
34264.2,14.7639
34268.4,13.2542
34275.4,11.8385
34284.0,10.931
34292.6,10.4242
34314.1,9.81634
34367.9,9.34352
34636.6,8.90193
36711.6,7.72513
36758.5,7.83714
36773.0,8.19129
36777.7,8.56578
36781.2,9.15881
36783.4,9.91434
36785.1,10.9496
36786.6,12.4699
36787.7,14.3831
36788.9,17.1854
36790.2,21.6377
36792.2,30.3583
36794.1,39.0496
36795.3,42.2639
36796.1,42.8998
36797.2,41.6812
36798.4,37.6831
36801.8,22.4249
36803.2,17.9728
36804.3,15.1365
36805.8,12.7903
36807.2,11.3704
36809.1,10.2533
36812.4,9.27201
36818.0,8.55799
36825.1,8.18988
36842.9,7.87178
36950.8,7.59964
37684.3,6.90123
37690.3,6.9935
37692.5,7.31715
37694.1,7.94361
37695.9,9.27003
37698.5,11.6863
37700.0,12.2645
37700.1,12.2668
37701.5,11.8011
37705.2,8.64237
37706.5,7.88227
37708.0,7.35828
37711.3,7.02763
37749.0,6.84741
38299.2,5.91845
38603.6,5.04764
38698.5,4.71237
38710.0,4.81347
38712.7,4.95414
38714.5,5.20495
38716.0,5.68704
38717.3,6.4883
38718.3,7.5361
38719.3,8.99235
38720.5,11.517
38723.1,17.6062
38724.2,19.3506
38725.1,19.7988
38726.1,19.1386
38727.4,16.8909
38730.2,10.3908
38731.4,8.2635
38732.4,6.96601
38733.5,6.12528
38734.8,5.53627
38736.8,5.08945
38740.1,4.82005
38748.5,4.59442
38802.5,4.20264
38896.7,3.67078
38902.2,3.69221
38907.2,3.84874
38909.4,4.12211
38910.9,4.58611
38911.9,5.17528
38912.9,6.11935
38913.9,7.51562
38915.0,9.73867
38918.2,17.5234
38919.3,19.3421
38920.1,19.7432
38921.0,19.216
38922.0,17.6751
38925.2,9.92668
38926.3,7.92715
38927.2,6.53738
38928.2,5.58102
38929.4,4.88356
38930.4,4.49534
38931.8,4.18553
38934.5,3.88042
38940.0,3.62797
38953.3,3.38506
39107.8,1.92057
39237.4,0.49283
39257.4,0.3006
39270.8,0.191546
39279.5,0.133544
39286.4,0.096879
39291.8,0.0744988
39296.4,0.0605206
39300.4,0.0528746
39303.3,0.0501011
39304.8,0.0496536
39308.3,0.05138
39311.7,0.0570585
39315.1,0.0670775
39318.5,0.0818072
39322.5,0.105254
39326.4,0.136307
39331.2,0.184269
39336.5,0.252884
39341.7,0.339854
39347.5,0.459636
39354.1,0.630963
39361.2,0.86504
39368.1,1.14785
39376.5,1.59239
39384.9,2.1528
39393.4,2.86045
39402.9,3.87212
39412.3,5.16568
39422.9,7.01537
39433.1,9.32232
39444.5,12.5849
39456.0,16.8385
39469.2,23.0858
39485.1,32.3723
39518.4,54.319
39534.8,61.8542
39551.7,65.0922
39555.0,65.197
39573.6,63.2862
39649.5,43.5298
39687.4,36.2745
39725.4,31.1075
39775.9,26.3616
39826.5,23.2689
39833.9,23.1429
39838.9,23.6866
39840.8,24.6514
39842.6,26.5815
39844.5,30.6013
39848.4,42.7199
39850.0,44.6695
39850.1,44.6698
39851.4,43.302
39853.6,37.151
39855.9,29.8795
39857.5,26.5809
39859.6,24.1093
39863.2,22.5093
39873.3,21.3426
39921.5,19.3544
40028.8,16.7463
40158.4,14.833
40368.9,12.9907
40437.5,12.614
40448.6,12.8888
40451.4,13.6535
40453.1,14.9325
40454.7,17.2242
40458.4,24.7968
40459.9,26.1171
40460.1,26.1328
40461.4,25.2896
40463.2,21.8922
40465.6,17.1119
40466.9,15.2351
40468.3,14.0408
40470.2,13.2502
40474.7,12.7037
40507.0,12.2521
40552.8,12.0121
40560.0,12.2477
40562.4,12.9757
40563.7,13.9901
40565.5,16.2241
40568.5,21.1025
40570.0,22.1423
40570.2,22.1492
40571.5,21.4727
40573.7,18.2488
40575.7,15.2727
40576.9,14.0585
40578.4,13.0767
40580.0,12.5902
40586.4,12.1075
40679.2,11.5278
40865.5,10.8874
40875.0,11.0848
40877.0,11.5806
40878.8,12.6811
40880.7,14.8043
40883.6,18.85
40885.1,19.6851
40885.2,19.6859
40886.6,18.9435
40890.7,13.6586
40892.4,12.2719
40894.8,11.3953
40899.2,11.0394
40960.3,10.664
41435.8,9.21978
41538.5,8.46085
41577.8,7.80404
41603.9,6.93769
41619.0,6.01528
41628.2,5.08738
41634.4,4.17266
41639.3,3.19954
41644.0,2.00911
41646.2,1.44719
41647.3,1.24163
41648.0,1.15776
41648.4,1.14302
41649.0,1.16632
41649.5,1.25908
41650.1,1.44144
41650.6,1.72214
41651.1,2.10997
41651.7,2.65841
41652.2,3.41991
41652.8,4.44011
41653.5,5.93885
41654.2,8.13436
41655.0,11.258
41656.1,15.9882
41658.0,26.4989
41660.0,37.5827
41661.3,42.4348
41662.6,44.8139
41663.2,45.0378
41664.7,43.6688
41667.9,35.6118
41670.7,28.9833
41673.1,25.0802
41675.9,21.9148
41679.7,19.1662
41684.9,16.9325
41692.5,15.0117
41701.9,13.6753
41718.1,12.4143
41749.7,11.2822
41802.0,10.4851
41929.1,9.69783
42347.0,8.33393
42363.0,8.45034
42370.6,8.83261
42374.2,9.46373
42376.3,10.3837
42377.9,11.6655
42379.1,13.3895
42380.4,15.9522
42381.9,20.2579
42385.0,30.9691
42386.3,33.6065
42387.2,34.1339
42388.2,33.2832
42389.7,29.6874
42392.9,19.0603
42394.4,15.3231
42395.6,13.1711
42397.2,11.4266
42398.9,10.3709
42401.6,9.52904
42407.0,8.83587
42415.0,8.45538
42443.9,8.08194
42452.7,8.05985
42469.8,8.26939
42476.5,8.72447
42480.4,9.4391
42482.9,10.4042
42484.3,11.3971
42485.6,13.0195
42486.9,15.3413
42487.9,18.2158
42489.1,22.7927
42490.3,29.6871
42493.8,53.5567
42495.3,59.6694
42496.0,60.7312
42497.3,58.567
42498.6,52.4225
42501.9,29.9672
42503.2,23.3015
42504.2,19.3396
42505.5,16.007
42506.8,13.612
42508.4,11.9294
42510.0,10.8373
42511.7,10.1364
42515.0,9.30242
42520.8,8.57754
42532.5,7.98866
42565.6,7.40533
42681.4,6.06594
42737.5,5.09239
42777.3,4.1069
42806.5,3.13061
42830.2,2.13123
42861.5,0.602782
42866.8,0.379183
42870.3,0.254412
42872.6,0.18705
42874.4,0.147239
42875.9,0.121436
42877.0,0.108934
42878.2,0.101507
42878.6,0.100807
42879.8,0.103717
42881.0,0.115122
42882.2,0.13598
42883.3,0.165674
42884.6,0.212005
42885.9,0.273504
42887.4,0.367331
42889.0,0.497854
42890.7,0.681034
42892.5,0.913917
42894.4,1.23235
42896.4,1.64936
42898.6,2.25796
42901.0,3.06108
42903.3,4.07867
42905.9,5.5349
42908.6,7.39103
42911.5,10.0234
42914.4,13.3738
42917.9,18.4801
42922.2,26.3994
42933.6,51.1072
42937.7,57.447
42942.0,60.7862
42943.8,61.249
42950.4,59.1064
42972.0,41.4704
42983.5,34.7843
42997.0,29.4241
43011.8,25.6552
43019.9,24.6699
43023.4,25.4285
43025.4,27.555
43026.7,30.1871
43027.9,34.2858
43029.8,43.3292
43032.1,55.6822
43033.6,59.9652
43034.1,60.2763
43035.4,58.2102
43037.2,50.0493
43039.8,36.2733
43041.2,30.691
43042.7,26.6716
43044.7,23.9248
43047.3,22.1829
43054.4,20.3526
43069.0,18.675
43099.7,16.6911
43153.7,14.7297
43226.7,13.282
43361.0,11.9186
43601.0,10.7811
43662.5,10.6223
43679.0,10.7734
43684.7,11.2617
43686.7,11.8837
43688.7,13.2637
43689.9,14.9159
43691.4,17.8792
43695.0,27.2786
43696.5,29.6323
43697.1,29.8985
43698.5,28.7776
43700.4,24.3292
43702.7,18.3969
43704.2,15.465
43705.6,13.7223
43707.6,12.2678
43709.8,11.5897
43712.6,11.1839
43719.5,10.8156
43754.0,10.4567
43892.9,10.0562
43898.4,10.1632
43900.8,10.6041
43903.1,11.7582
43906.8,14.5226
43908.2,14.8822
43910.0,14.296
43914.1,11.4053
43915.7,10.7586
43918.9,10.2684
43945.4,10.0164
44454.1,8.86767
44461.3,9.04742
44463.1,9.42885
44464.6,10.1393
44466.5,11.6682
44469.4,14.6045
44471.1,15.2932
44471.1,15.2944
44472.8,14.7065
44476.9,10.8398
44478.9,9.7126
44480.4,9.32036
44485.1,8.95719
44670.6,7.82275
44736.3,7.07918
44779.0,6.25572
44808.6,5.33889
44828.3,4.42829
44843.2,3.46946
44854.8,2.50408
44865.5,1.42396
44872.3,0.710885
44874.8,0.490379
44876.6,0.360919
44877.7,0.296508
44878.8,0.25732
44879.7,0.239955
44880.1,0.238126
44880.9,0.246752
44881.4,0.265708
44882.2,0.308745
44883.0,0.375767
44883.8,0.476891
44884.6,0.614568
44885.5,0.795085
44886.3,1.02568
44887.2,1.36933
44888.3,1.86134
44889.3,2.47136
44890.5,3.32526
44891.6,4.44512
44892.9,5.94806
44894.2,8.0711
44895.7,11.0457
44897.4,15.14
44899.4,21.5187
44905.9,45.4989
44908.3,51.5986
44910.8,54.6471
44911.7,54.8796
44914.8,53.0767
44925.2,38.0884
44930.6,32.2253
44937.5,27.2398
44944.3,23.9045
44955.3,20.4733
44969.8,17.7762
44984.8,16.0616
45011.1,14.278
45053.8,12.7572
45119.5,11.5854
45280.0,9.94589
45315.7,9.14431
45328.4,8.48125
45336.5,7.68239
45342.0,6.70641
45345.6,5.65225
45348.7,4.56028
45349.9,4.35443
45350.7,4.42211
45351.6,4.78899
45352.3,5.44068
45353.1,6.53909
45353.9,8.25184
45355.0,11.0793
45357.0,18.0602
45358.6,23.0958
45359.9,25.8565
45361.0,26.6946
45362.3,26.2158
45364.9,22.7698
45367.7,18.9242
45370.0,16.8639
45372.4,15.5441
45377.6,14.0053
45383.4,13.1024
45396.1,12.1351
45422.4,11.3432
45493.5,10.6547
45743.0,9.97421
45801.9,9.91331
45841.2,10.1518
45850.1,10.5371
45855.8,11.2298
45859.4,12.2713
45861.9,13.7321
45863.5,15.4176
45865.2,18.0514
45866.8,21.9749
45868.7,28.3157
45871.7,39.0711
45873.1,42.2735
45874.1,42.9828
45875.6,41.6747
45877.3,37.1497
45881.0,24.258
45882.8,19.615
45884.5,16.8186
45886.1,14.9724
45888.6,13.3079
45892.2,12.0495
45897.9,11.1365
45906.8,10.552
45932.9,10.0471
46077.1,9.65182
46178.6,9.54028
46207.5,9.75417
46213.9,10.1879
46216.8,10.7863
46219.0,11.8786
46220.4,13.3082
46221.4,14.9844
46222.6,17.997
46223.9,22.2735
46225.5,29.9425
46227.8,42.2826
46229.1,46.615
46230.2,47.8615
46231.2,46.7281
46232.7,41.5024
46235.8,25.6287
46237.2,20.2093
46238.5,16.8442
46239.8,14.5023
46241.1,13.0577
46243.2,11.8314
46246.4,10.9599
46252.7,10.3065
46273.4,9.77854
46394.0,9.45383
47775.8,8.44538
47795.1,8.52392
47804.2,8.88998
47807.5,9.48752
47809.2,10.2831
47810.6,11.5702
47811.7,13.2631
47812.8,15.6573
47813.9,19.2779
47815.5,25.9455
47818.0,36.8597
47819.3,40.3252
47820.2,41.0841
47821.4,39.7122
47822.9,34.8975
47825.9,21.7143
47827.3,17.2914
47828.5,14.4053
47829.9,12.4431
47831.5,11.0816
47832.5,10.5382
47835.4,9.76036
47841.2,9.16805
47857.1,8.72716
47939.9,8.41542
48535.2,7.49743
48783.3,6.68425
48925.5,5.81724
49004.9,5.03073
49064.5,4.16687
49110.8,3.22973
49143.8,2.35441
49173.6,1.40192
49197.4,0.600367
49204.8,0.381059
49209.6,0.262855
49212.9,0.195365
49215.5,0.153606
49217.6,0.127614
49219.7,0.112175
49221.1,0.10705
49222.0,0.106424
49223.5,0.110804
49225.1,0.122622
49226.6,0.142699
49228.4,0.17656
49230.3,0.22679
49232.1,0.293655
49234.2,0.390086
49236.5,0.526985
49238.9,0.719079
49241.4,0.963405
49244.2,1.31239
49247.2,1.79236
49250.1,2.37974
49253.4,3.22842
49256.7,4.3031
49260.4,5.79991
49264.1,7.742
49268.1,10.3693
49272.6,14.198
49278.0,19.9313
49285.4,29.739
49296.0,44.0756
49300.0,48.151
49306.6,52.1827
49310.6,52.9198
49317.2,51.9383
49335.7,43.0827
49352.2,35.503
49368.8,30.0404
49385.3,26.1988
49405.2,22.9738
49431.6,20.0866
49468.0,17.5692
49520.9,15.3901
49600.3,13.5805
49706.1,12.2828
49891.4,11.132
49990.6,10.7719
49995.4,10.952
50004.9,12.6366
50019.2,12.8107
119553.0,11.0284
239106.0,9.06425
379218.0,7.49025
525000.0,6.35855
700000.0,5.48426
876808.0,4.99517
1000000.0,4.58726
1200000.0,4.30957
1280300.0,4.31022
1400000.0,4.21885
1571000.0,4.24367
1600000.0,4.21374
1689510.0,4.26578
1800000.0,4.16713
1957980.0,4.252
2000000.0,4.2296
2900000.0,4.81474
3500000.0,4.92199
4341350.0,4.71735
6308380.0,3.62693
7600000.0,2.97211
8750000.0,2.62136
9763950.0,2.47394
1.06295E7,2.43589
1.23224E7,2.52558
1.71659E7,3.11019
2.0E7,3.26784
2.1E7,3.2743
2.45E7,3.1392
3.45E7,2.27815
3.9E7,2.0428
4.35E7,1.96785
4.4E7,1.9672
5.0E7,2.06245
6.8E7,2.6235
7.85E7,2.77415
8.3E7,2.7882
9.6E7,2.6929
1.5E8,1.76375
1.74E8,1.4679
2.0E8,1.2565
